step,price,fundamental,log_return,volume,strategy_entropy,n_families,wealth_gini,acf1,mean_fitness
0,100.00228501538844,100.00228501538844,0.0,0.0,5.298317366548021,200,0.0,0.0,50000.0
1,100.80102585231799,100.80102585231799,0.007955496810896235,0.0,5.298317366548021,200,0.0,0.0,50000.0
2,99.22165987109473,99.22165987109473,-0.01579219676014266,0.0,5.298317366548021,200,0.0,0.0,50000.0
3,99.39271622983665,99.39271622983665,0.0017224976801140511,0.0,5.298317366548021,200,0.0,0.0,50000.0
4,96.96020596580367,96.96020596580367,-0.024778187058260587,0.0,5.298317366548021,200,0.0,0.0,50000.0
5,98.66674849828112,98.66674849828112,0.017447348476555657,0.0,5.298317366548021,200,0.0,0.0,50000.0
6,98.3494934228627,98.3494934228627,-0.003220600967169514,0.0,5.298317366548021,200,0.0,0.0,50000.0
7,99.8844420201286,99.8844420201286,0.015486543929314088,0.0,5.298317366548021,200,0.0,0.0,50000.0
8,99.72934857754476,99.72934857754476,-0.0015539354603542525,0.0,5.298317366548021,200,0.0,0.0,50000.0
9,98.61136439493583,98.61136439493583,-0.011273490009789656,0.0,5.298317366548021,200,0.0,0.0,50000.0
10,98.50453964071708,98.50453964071708,-0.0010838776830254051,0.0,5.298317366548021,200,0.0,0.0,50000.0
11,97.74493601287041,97.74493601287041,-0.007741242810460471,0.0,5.298317366548021,200,1.492502238753358e-06,0.0,49999.925
12,99.0444160469632,99.0444160469632,0.013207004433073743,0.0,5.298317366548021,200,5.809127098462391e-05,0.0,50002.919329785735
13,96.48577071634112,96.48577071634112,-0.02617285270576617,0.0,5.298317366548021,200,5.658151659855084e-05,0.0,50002.843453986796
14,99.15524315839963,99.15524315839963,0.02729119088486826,0.0,5.298317366548021,200,0.00018907541199465644,0.0,50009.50308281309
15,99.44862702973359,99.44862702973359,0.0029544649302652515,0.0,5.298317366548021,200,0.0001875267649112105,0.0,50009.425231888235
16,98.91364671164274,98.91364671164274,-0.005393985510527505,0.0,5.298317366548021,200,0.00015308117722892886,0.0,50007.69370514864
17,100.61199201419281,100.61199201419281,0.01702424141324525,0.0,5.298317366548021,200,0.00015154321677188256,0.0,50007.6163970371
18,101.28655390343746,101.28655390343746,0.006682211565407278,0.0,5.298317366548021,200,0.00017920461316156127,0.0,50009.006879128014
19,103.01634209226954,103.01634209226954,0.016933969695133378,0.0,5.298317366548021,200,0.00017765889662400608,0.0,50008.929177064274
20,100.74914839095653,100.74914839095653,-0.022253888638444057,0.0,5.298317366548021,200,0.00011891421788548332,0.0,49998.6101997647
21,99.97550207797885,99.97550207797885,-0.0077085713402786785,0.0,5.298317366548021,200,0.0019594591820393083,0.0,49869.134075629416
22,100.14242354230562,100.14242354230562,0.0016682313942761229,0.0,5.298317366548021,200,0.0020160574746308775,0.0,49868.002876688915
23,100.8865536943047,100.8865536943047,0.007403246645525698,0.0,5.298317366548021,200,0.0008114048165154105,0.0,49954.32607148499
24,101.97213520353077,101.97213520353077,0.01070293688816774,0.0,5.298317366548021,200,0.0016895203239494568,0.0,50002.97744048188
25,103.919053365206,103.919053365206,0.018912671372554587,0.0,5.298317366548021,200,0.003590330368131962,0.0,50279.99461172002
26,104.92644038079159,104.92644038079159,0.009647273787150775,0.0,5.298317366548021,200,0.004153113000268137,0.0,50321.433371300765
27,99.04095059442892,99.04095059442892,-0.05772612986710521,0.0,5.298317366548021,200,0.010093652541839773,0.0,49279.75536458574
28,96.6420331145434,96.6420331145434,-0.024519634987922884,0.0,5.298317366548021,200,0.011441845785614694,0.0,49168.086918198496
29,96.7111156782154,96.7111156782154,0.0007145740014362334,0.0,5.298317366548021,200,0.011420889518648142,0.0,49171.03068371912
30,97.4359879453968,97.4359879453968,0.007467282508030336,0.0,5.298317366548021,200,0.010725135381554897,0.0,49230.93377406643
31,95.55222866444747,95.55222866444747,-0.019522633494743636,0.0,5.298317366548021,200,0.01295153136512463,0.0,48980.92075659816
32,92.28924235049267,92.28924235049267,-0.034745411202290244,0.0,5.298317366548021,200,0.017152547463210568,0.0,48693.74861319962
33,90.69108251698476,90.69108251698476,-0.017468549958725092,0.0,5.298317366548021,200,0.019261798887423437,0.0,48489.897105040174
34,89.71471113641792,89.71471113641792,-0.010824274473839228,0.0,5.298317366548021,200,0.020677423735426814,0.0,48386.408811490124
35,88.0871414498262,88.0871414498262,-0.01830819110976097,0.0,5.298317366548021,200,0.021918648097449242,0.0,48103.611242248306
36,89.04867276244316,89.04867276244316,0.01085653695800145,0.0,5.298317366548021,200,0.021275582296751666,0.0,48254.037829534376
37,91.77340607820841,91.77340607820841,0.030139456303504765,0.0,5.298317366548021,200,0.020556926635323193,0.0,48710.208357432246
38,92.95065778203589,92.95065778203589,0.012746229352394415,0.0,5.298317366548021,200,0.020656206059836944,0.0,48851.07146568374
39,91.28228060954181,91.28228060954181,-0.018112100863407376,0.0,5.298317366548021,200,0.020916773428657876,0.0,48585.41977067368
40,92.21668757205977,92.21668757205977,0.010184417365809115,0.0,5.298317366548021,200,0.021095372848713444,0.0,48701.2745567807
41,90.41137512194726,90.41137512194726,-0.019771016897558294,0.0,5.298317366548021,200,0.02180169746185661,0.0,48415.91620369572
42,88.41625897253648,88.41625897253648,-0.02231421271691049,0.0,5.298317366548021,200,0.023307624253759488,0.0,48106.390978645
43,87.01218771283995,87.01218771283995,-0.016007680263739197,0.0,5.298317366548021,200,0.02489748199433318,0.0,47886.24391059018
44,84.84821173745433,84.84821173745433,-0.02518428161335662,0.0,5.298317366548021,200,0.0250480213359916,0.0,47554.479422415265
45,86.45353530579362,86.45353530579362,0.018743189635582837,0.0,5.298317366548021,200,0.023909903510414533,0.0,47831.862185758095
46,86.17041635293793,86.17041635293793,-0.0032801845165668624,0.0,5.298317366548021,200,0.024061961599429537,0.0,47815.99907471333
47,84.50047904809591,84.50047904809591,-0.019569717446782875,0.0,5.298317366548021,200,0.025634972891292622,0.0,47496.17037227567
48,88.75828874652173,88.75828874652173,0.04915961476625805,0.0,5.298317366548021,200,0.02464507102811924,0.0,47672.17012464065
49,89.9355539673967,89.9355539673967,0.013176528481338531,0.0,5.298317366548021,200,0.02396026544827233,0.0,47855.37401473977
50,92.38394665423313,92.38394665423313,0.026859879242339273,0.0,5.298317366548021,200,0.023504396553359924,0.0,47966.05547251271
51,94.92567289697259,94.92567289697259,0.027140968769898282,0.0,5.298317366548021,200,0.02254426820543982,0.0,48351.42662843615
52,94.81551823282749,94.81551823282749,-0.0011611045115163215,0.0,5.298317366548021,200,0.022590394994068584,0.0,48327.615793400866
53,95.83979756396177,95.83979756396177,0.010744931832183184,0.0,5.298317366548021,200,0.021608153541636352,0.0,48517.235960903345
54,96.55362286871768,96.55362286871768,0.007420509273668844,0.0,5.298317366548021,200,0.021526292770310956,0.0,48625.12503551525
55,95.67156583426448,95.67156583426448,-0.009177394818054243,0.0,5.298317366548021,200,0.022216114352846712,0.0,48523.88734556569
56,95.68443707659046,95.68443707659046,0.00013452666391014324,0.0,5.298317366548021,200,0.022226950418470417,0.0,48513.395050765525
57,98.23529733723241,98.23529733723241,0.02630993087348664,0.0,5.298317366548021,200,0.02152549285111217,0.0,49036.28564622291
58,100.64000095135845,100.64000095135845,0.024184208276408697,0.0,5.298317366548021,200,0.024104166580132647,0.0,49475.75443828849
59,99.62477380816935,99.62477380816935,-0.0101389357298415,0.0,5.298317366548021,200,0.024803914451192934,0.0,49368.285567305014
60,97.3854916919233,97.3854916919233,-0.022733623057000208,0.0,5.298317366548021,200,0.026247894890663565,0.13458612138540546,49126.932269986995
61,99.08816878536848,99.08816878536848,0.017332803964469765,0.0,5.298317366548021,200,0.028415309075950024,0.12091042468183999,49394.31660008809
62,100.45761247830637,100.45761247830637,0.013725824562817597,0.0,5.298317366548021,200,0.02922166993496453,0.13357296958915546,49635.46775264722
63,98.56152236515726,98.56152236515726,-0.019054926404687065,0.0,5.298317366548021,200,0.02977591584221009,0.1218052895545016,49275.13268628024
64,99.31842836511228,99.31842836511228,0.007650190822043096,0.0,5.298317366548021,200,0.03034916685416542,0.13790877723129036,49362.61614842491
65,100.42854446918162,100.42854446918162,0.011115337748872588,0.0,5.298317366548021,200,0.03134137580414443,0.1454260604291557,49491.25243184366
66,96.17707193841771,96.17707193841771,-0.043255482485594805,0.0,5.298317366548021,200,0.033384395196583774,0.11573702310724865,48901.22385290117
67,95.25441670627416,95.25441670627416,-0.009639609274845494,0.0,5.298317366548021,200,0.03330331795113004,0.13422223667101232,48738.796374617385
68,94.40415394105162,94.40415394105162,-0.00896630675528953,0.0,5.298317366548021,200,0.03400854995187469,0.136662223604745,48576.845009545104
69,94.30433509581701,94.30433509581701,-0.0010579158897802473,0.0,5.298317366548021,200,0.03390357829295388,0.1371993999395501,48549.571125314564
70,93.49128998651905,93.49128998651905,-0.008658883175350423,0.0,5.298317366548021,200,0.03417060651695213,0.1368803657177882,48429.17642377248
71,94.02514303153781,94.02514303153781,0.005693948831742203,0.0,5.298317366548021,200,0.03392676193048078,0.13894760434848086,48472.01373924109
72,95.85850235362878,95.85850235362878,0.01931094477970529,0.0,5.298317366548021,200,0.03412166244893716,0.15812106647667948,48801.15902047129
73,96.39557066918033,96.39557066918033,0.005587082803267111,0.0,5.298317366548021,200,0.034032582687769125,0.19910242102037795,48876.0572809349
74,97.05267431287695,97.05267431287695,0.006793612121320284,0.0,5.298317366548021,200,0.03395724755752283,0.20304017456955936,48930.77233137599
75,97.83076631331517,97.83076631331517,0.007985246283270317,0.0,5.298317366548021,200,0.03418514876842996,0.20593873668059062,49046.40568579034
76,97.99357607401606,97.99357607401606,0.0016628147065833234,0.0,5.298317366548021,200,0.03417900188032306,0.21093279446474564,49069.55356604703
77,98.62500422111604,98.62500422111604,0.0064228957087759,0.0,5.298317366548021,200,0.03419741499978905,0.20836705894094015,49139.25034210892
78,98.33580897308275,98.33580897308275,-0.002936578613441395,0.0,5.298317366548021,200,0.034170203540893965,0.2022684979561658,49058.07538091771
79,98.61157322399006,98.61157322399006,0.0028003868652300297,0.0,5.298317366548021,200,0.03415974032017865,0.22228116485172575,49089.941942779384
80,99.58582575456502,99.58582575456502,0.009831212544645522,0.0,5.298317366548021,200,0.034303540537839634,0.2200898477803456,49140.961011120526
81,102.36206568772991,102.36206568772991,0.027496348940625012,0.0,5.298317366548021,200,0.035687899192609035,0.22630368216900856,49431.49668090891
82,103.53495313531876,103.53495313531876,0.011393075443349493,0.0,5.298317366548021,200,0.03610981483548664,0.238282170772311,49619.23133173795
83,105.25450312765815,105.25450312765815,0.016471989562019566,0.0,5.298317366548021,200,0.03797442387550652,0.24083212240916485,49862.43075543459
84,104.5286911223965,104.5286911223965,-0.006919666791728619,0.0,5.298317366548021,200,0.038260415351008076,0.22734160666886935,49754.54400049493
85,103.8808957448205,103.8808957448205,-0.006216580278577927,0.0,5.298317366548021,200,0.037993332675117904,0.22442463361426424,49631.789241055994
86,103.20822488946406,103.20822488946406,-0.006496461224793921,0.0,5.298317366548021,200,0.0377799075375395,0.25296568295031724,49603.48504415297
87,101.92452123767693,101.92452123767693,-0.012515996920826106,0.0,5.298317366548021,200,0.03756982705814522,0.22220933598729914,49438.078903570036
88,104.6390741215289,104.6390741215289,0.02628448795056901,0.0,5.298317366548021,200,0.037846118427020244,0.20339048350432148,49697.391716572
89,101.66582327079075,101.66582327079075,-0.028825847235011325,0.0,5.298317366548021,200,0.0378060061960421,0.15558185836499128,49056.065899404566
90,101.24888548869815,101.24888548869815,-0.004109493800717623,0.0,5.298317366548021,200,0.03761300023463376,0.17032727323993568,48970.8281958077
91,103.14792660004943,103.14792660004943,0.01858244008463844,0.0,5.298317366548021,200,0.038467931129837964,0.12827023084030229,49110.10285284946
92,103.22909017457064,103.22909017457064,0.000786556371190355,0.0,5.298317366548021,200,0.03849512236038125,0.09799957290529883,49103.91518511488
93,104.98489923258705,104.98489923258705,0.016865828119523245,0.0,5.298317366548021,200,0.03912487235094092,0.08327473549555182,49405.09969684568
94,103.44352056198137,103.44352056198137,-0.014790754276017197,0.0,5.298317366548021,200,0.03884846088848705,0.05379549890542718,49130.04952732148
95,107.14881595066755,107.14881595066755,0.03519290276175028,0.0,5.298317366548021,200,0.03953644837578331,0.03061624991346294,49542.99924748774
96,109.72597762214603,109.72597762214603,0.023767473814912204,0.0,5.298317366548021,200,0.04043955988313327,0.05414732672198663,50065.40223688054
97,113.54794752113945,113.54794752113945,0.034239047553778774,0.0,5.298317366548021,200,0.04168926201734489,0.07321845590488527,50797.278225981194
98,112.3938297905152,112.3938297905152,-0.010216151986189309,0.0,5.298317366548021,200,0.04222287810227021,0.06154295791729603,50543.633707355584
99,111.7843156388093,111.7843156388093,-0.005437779427197429,0.0,5.298317366548021,200,0.04161282389785996,0.07658209491495942,50476.32405908136
100,110.68935143295258,110.68935143295258,-0.009843619353269826,0.0,5.291385894742422,199,0.039868828401036456,0.09075121560871886,50345.50888973461
101,111.23008288175879,111.23008288175879,0.00487323267203692,0.0,5.291385894742422,199,0.03977001121094385,0.05977674136798652,50415.20203644554
102,114.35764131550316,114.35764131550316,0.027729867416176533,0.0,5.291385894742422,199,0.04004887198232459,0.032716145049573236,50812.04818753307
103,113.94499626611979,113.94499626611979,-0.00361489909277855,0.0,5.291385894742422,199,0.039769492204558395,-0.01057389293515587,50749.190506802865
104,113.88583952763388,113.88583952763388,-0.0005193040670657883,0.0,5.291385894742422,199,0.039745390742805066,0.015460207434437823,50733.30213325139
105,112.5673096170611,112.5673096170611,-0.011645188561534634,0.0,5.291385894742422,199,0.03962521173028531,0.026977009875608055,50547.46029617602
106,112.4310616896429,112.4310616896429,-0.001211101602919089,0.0,5.291385894742422,199,0.03954810195954855,0.02150228158942745,50498.86028860895
107,114.45684774981365,114.45684774981365,0.01785762757730815,0.0,5.291385894742422,199,0.03996294352344298,0.08209278127628694,50833.277324852956
108,110.36289748690469,110.36289748690469,-0.03642387254191567,0.0,5.291385894742422,199,0.03982392993880762,0.025218358842853214,50141.33088467287
109,108.16695022981065,108.16695022981065,-0.02009813485778189,0.0,5.291385894742422,199,0.03887663472789238,0.06649310862842492,49732.54264843881
110,105.4546219544269,105.4546219544269,-0.02539513227999339,0.0,5.291385894742422,199,0.03967657084114885,0.06834830508657869,49303.95942459359
111,102.1275129972075,102.1275129972075,-0.0320585767824697,0.0,5.291385894742422,199,0.0413026856906369,0.1235937977040668,48918.98246858339
112,102.27107515214216,102.27107515214216,0.0014047276925110237,0.0,5.291385894742422,199,0.04138273711782825,0.12458692372255041,48929.95712633454
113,103.37671829717463,103.37671829717463,0.010752887543907462,0.0,5.291385894742422,199,0.041192021503952694,0.12134795784671254,49112.0083159223
114,105.66533725731392,105.66533725731392,0.021897128783324817,0.0,5.291385894742422,199,0.04079080239318274,0.13314669282155636,49478.30574583788
115,104.58338822999053,104.58338822999053,-0.010292177282938249,0.0,5.291385894742422,199,0.040241771447274415,0.11882011810830952,49307.19990683244
116,102.76683435690141,102.76683435690141,-0.017522048706289952,0.0,5.291385894742422,199,0.04102337621178705,0.13014950283369578,49033.75852274478
117,100.48504276774213,100.48504276774213,-0.022453789738284945,0.0,5.291385894742422,199,0.04163168929342772,0.12136934511351177,48848.211636200635
118,98.18162324473145,98.18162324473145,-0.02318982639385128,0.0,5.291385894742422,199,0.04370261010237853,0.16435254000774646,48561.730224850355
119,101.62299067087059,101.62299067087059,0.03445073382855689,0.0,5.291385894742422,199,0.04727023026767166,0.10146389302118064,49072.54229151292
120,103.78484387984987,103.78484387984987,0.021050151676531455,0.0,5.291385894742422,199,0.04700829209865521,0.1592366175422072,49395.92710867764
121,106.69436298019903,106.69436298019903,0.02764837900835385,0.0,5.291385894742422,199,0.04741233657919747,0.17250243630679185,49693.829022432015
122,109.26114394017056,109.26114394017056,0.02377250644162532,0.0,5.291385894742422,199,0.049241179113767373,0.21192594618765775,50099.295375336165
123,109.04647580330258,109.04647580330258,-0.0019666579326027838,0.0,5.291385894742422,199,0.0491656664302037,0.21886578348399427,50059.95657423827
124,110.23951387013193,110.23951387013193,0.010881222644381398,0.0,5.291385894742422,199,0.049358012564904935,0.21377995113388742,50210.56847477202
125,111.20379819928336,111.20379819928336,0.008709140187096643,0.0,5.291385894742422,199,0.050396918515966775,0.23910735994285268,50308.42818018678
126,112.47700213450501,112.47700213450501,0.01138423757413505,0.0,5.291385894742422,199,0.05166015859187036,0.23790071041877708,50426.28218934223
127,108.37188116105669,108.37188116105669,-0.03718011880307815,0.0,5.291385894742422,199,0.0519071730944209,0.19485466259586093,49830.58036851421
128,107.17431077615073,107.17431077615073,-0.011112074835910958,0.0,5.291385894742422,199,0.05243553837539715,0.21984487352749618,49621.751018763156
129,107.20070617044989,107.20070617044989,0.00024625438923344284,0.0,5.291385894742422,199,0.05246409369127696,0.2194082169166,49619.82150877316
130,106.7644378602169,106.7644378602169,-0.0040779437865061646,0.0,5.291385894742422,199,0.052753981876901966,0.2229269986520978,49548.11633139688
131,109.0687283324995,109.0687283324995,0.021353326446505644,0.0,5.291385894742422,199,0.053159400026324306,0.20985065406171252,49659.942008207385
132,112.01974552790209,112.01974552790209,0.026696936426540613,0.0,5.291385894742422,199,0.053721995141310305,0.22737277586714283,49811.8074076956
133,112.36634096135309,112.36634096135309,0.0030892798615332114,0.0,5.291385894742422,199,0.053928152900811405,0.22742485720603187,49850.69078154206
134,114.84697085442967,114.84697085442967,0.021836119015120607,0.0,5.291385894742422,199,0.053326685438620194,0.22291964259624855,50224.17642020789
135,115.80931982850421,115.80931982850421,0.008344490022707065,0.0,5.291385894742422,199,0.05370458615582252,0.22845201882995042,50289.42231945647
136,115.99836210133952,115.99836210133952,0.001631027178821687,0.0,5.291385894742422,199,0.053767846684056625,0.22833175243290205,50289.445962677906
137,117.7553857455213,117.7553857455213,0.015033399475366317,0.0,5.291385894742422,199,0.05475927047879688,0.22709630790380134,50605.75533772038
138,118.87969561927228,118.87969561927228,0.009502549897003809,0.0,5.291385894742422,199,0.054693736863808184,0.23085591284318685,50772.61125279877
139,117.17040074771691,117.17040074771691,-0.014482728664190902,0.0,5.291385894742422,199,0.054832022723294356,0.22193951866895803,50566.49871100588
140,116.63564875467424,116.63564875467424,-0.0045743292496617065,0.0,5.291385894742422,199,0.054426691934828714,0.21946837441770345,50439.06341251333
141,119.67558226384234,119.67558226384234,0.025729637993324356,0.0,5.291385894742422,199,0.055438182279656904,0.20144053555626432,50950.182612961595
142,122.33281032622534,122.33281032622534,0.021960683472376157,0.0,5.291385894742422,199,0.055731355418119716,0.2145342291328408,51352.61766500874
143,122.76641030559294,122.76641030559294,0.0035381624681487573,0.0,5.291385894742422,199,0.05601487744110489,0.2236875744987047,51398.674199875015
144,124.44120017041936,124.44120017041936,0.013549869970953617,0.0,5.291385894742422,199,0.05702861380552496,0.21957087666690625,51616.78123345555
145,124.59383382799615,124.59383382799615,0.001225800838044941,0.0,5.291385894742422,199,0.05708262643339243,0.21524818575893295,51624.38552643741
146,122.55175761864484,122.55175761864484,-0.01652566546732503,0.0,5.291385894742422,199,0.056033218352469015,0.2069739171703113,51450.79130026555
147,120.87256279847061,120.87256279847061,-0.013796661345434275,0.0,5.291385894742422,199,0.05624806495365578,0.2395348574678429,51255.5010285822
148,120.43017397456265,120.43017397456265,-0.0036666746964039406,0.0,5.291385894742422,199,0.05602474605019616,0.2880429933727639,51212.11257178708
149,123.51210193475765,123.51210193475765,0.025269026758904047,0.0,5.291385894742422,199,0.055962209809669275,0.2763104047376228,51570.894955485914
150,122.18297497603729,122.18297497603729,-0.010819426592012744,0.0,5.291385894742422,199,0.05545461166402094,0.2643482663271627,51431.369317694734
151,123.42820481613695,123.42820481613695,0.010139933454966093,0.0,5.291385894742422,199,0.056116722095091526,0.26368900665650596,51587.87452363615
152,123.49037948480422,123.49037948480422,0.0005036046205864903,0.0,5.291385894742422,199,0.056165726924715664,0.264320113059146,51583.01204847558
153,124.27224846733091,124.27224846733091,0.0063114569330604995,0.0,5.291385894742422,199,0.05649592361633288,0.27909254414663326,51629.68118042666
154,124.84724987688263,124.84724987688263,0.004616278006987711,0.0,5.291385894742422,199,0.056730825811639775,0.3139770182309252,51653.13872949279
155,128.5542899031186,128.5542899031186,0.029260315564805454,0.0,5.291385894742422,199,0.05892325722591454,0.28636567438779176,52308.502883497116
156,131.20906723708805,131.20906723708805,0.02044067953064059,0.0,5.291385894742422,199,0.058884336507523366,0.27796497844750645,52712.43851167217
157,133.65652939805915,133.65652939805915,0.018481311686917547,0.0,5.291385894742422,199,0.05973606982811659,0.3272488003749124,52853.46431923662
158,135.36183463557524,135.36183463557524,0.012678153668180729,0.0,5.291385894742422,199,0.060358500811197584,0.33108177392846705,53059.37435544198
159,134.52027618780846,134.52027618780846,-0.00623650951026166,0.0,5.291385894742422,199,0.0600689317961685,0.3196531369792328,52933.14506702929
160,136.80449937090552,136.80449937090552,0.016837954780162347,0.0,5.291385894742422,199,0.06127155091102076,0.31331088027260484,53305.53124881182
161,133.4038506354344,133.4038506354344,-0.025171896387760476,0.0,5.291385894742422,199,0.061541608217070186,0.27692545295920534,52815.0307931254
162,131.01895174103973,131.01895174103973,-0.018039015881601592,0.0,5.291385894742422,199,0.061305104454077636,0.3201566409147618,52651.48487625553
163,130.41866113900358,130.41866113900358,-0.004592236368480459,0.0,5.291385894742422,199,0.06161125932123734,0.3265887000934027,52574.325240585546
164,130.15842323302604,130.15842323302604,-0.001997397377632233,0.0,5.291385894742422,199,0.061304250187174454,0.3259198182698952,52531.50035110013
165,128.15111729023855,128.15111729023855,-0.015542177385367282,0.0,5.291385894742422,199,0.05961201518125025,0.32529663608482706,52190.63266717325
166,128.18965553909217,128.18965553909217,0.0003006798233352864,0.0,5.291385894742422,199,0.05967049783505961,0.33005978075107356,52186.44213449979
167,128.68482410925537,128.68482410925537,0.0038553396520745672,0.0,5.291385894742422,199,0.05991307069985696,0.36749883249565257,52224.30562955363
168,128.31631812291715,128.31631812291715,-0.0028677400861717543,0.0,5.291385894742422,199,0.059872556737114425,0.3468180056447902,52160.40820211627
169,129.45824546922202,129.45824546922202,0.00885994956497621,0.0,5.291385894742422,199,0.060485139915052305,0.3150826093318365,52301.95037588753
170,130.88765724942675,130.88765724942675,0.010980976682754945,0.0,5.291385894742422,199,0.060818677110791114,0.2674568969727139,52497.13051907415
171,126.72498953383342,126.72498953383342,-0.03232007525309313,0.0,5.291385894742422,199,0.06025202527115295,0.24526048560680597,51907.62816924369
172,127.35986599299851,127.35986599299851,0.004997368136053501,0.0,5.291385894742422,199,0.06069571204705788,0.24311975196817429,51953.11693317295
173,131.26537426216916,131.26537426216916,0.03020436194241046,0.0,5.291385894742422,199,0.06072324382738909,0.22822466009051187,52488.23551641193
174,132.57084033342895,132.57084033342895,0.009896114733682307,0.0,5.291385894742422,199,0.061213503586080915,0.25788217324911045,52537.99458235744
175,134.94812465688042,134.94812465688042,0.01777329620909972,0.0,5.291385894742422,199,0.06245991222998772,0.24372094652536963,52772.695359563346
176,136.17490946519763,136.17490946519763,0.00904971563787616,0.0,5.291385894742422,199,0.06279814691910662,0.2164037106356906,52879.35245343994
177,136.51356784933014,136.51356784933014,0.0024838494209995727,0.0,5.291385894742422,199,0.06290779286923939,0.1739881652518578,52904.47481355534
178,135.58297753721803,135.58297753721803,-0.006840174609038137,0.0,5.291385894742422,199,0.06287458269131262,0.24297773067709216,52758.46782975182
179,139.52674510502382,139.52674510502382,0.028672470828332665,0.0,5.291385894742422,199,0.06362340646417504,0.19457631970357955,52961.941292965894
180,141.54064482171285,141.54064482171285,0.014330614325092498,0.0,5.291385894742422,199,0.06406853074171218,0.1863449722885324,53056.13453847834
181,138.85339364187712,138.85339364187712,-0.019168263874177933,0.0,5.291385894742422,199,0.06307162623746734,0.13663855601886343,52576.91492967886
182,135.57284818921357,135.57284818921357,-0.023909533655291706,0.0,5.291385894742422,199,0.06282048932739984,0.18801787248508822,52115.18340358369
183,138.7742064577368,138.7742064577368,0.023339077502810238,0.0,5.291385894742422,199,0.06358754151551847,0.1488283215142563,52301.62359629312
184,137.8070288301825,137.8070288301825,-0.006993833612016105,0.0,5.291385894742422,199,0.06394310974171064,0.13104356490784044,52194.470147726155
185,134.17073243625214,134.17073243625214,-0.02674125315060441,0.0,5.291385894742422,199,0.061021376818265395,0.14171794952740763,51733.74141802264
186,133.41598590642764,133.41598590642764,-0.005641150921067837,0.0,5.291385894742422,199,0.06031584477939117,0.18079971152575236,51605.34511007936
187,128.96202292266398,128.96202292266398,-0.033953995612637504,0.0,5.291385894742422,199,0.06155696779893092,0.16733864675736493,51119.179191952826
188,130.568257750941,130.568257750941,0.012378172850469209,0.0,5.291385894742422,199,0.062177911526786735,0.14253315957076854,51289.93148354637
189,124.99750849736775,124.99750849736775,-0.0436023328382082,0.0,5.291385894742422,199,0.06238927094721728,0.09905525248836762,50419.22308759193
190,123.75937408106557,123.75937408106557,-0.009954656352671001,0.0,5.291385894742422,199,0.061470250077005135,0.13885669056536631,50191.39248228468
191,121.84865367387953,121.84865367387953,-0.015559417764647846,0.0,5.291385894742422,199,0.06263891572504952,0.12419843288952474,49976.67860919106
192,124.40111484088354,124.40111484088354,0.02073141104308073,0.0,5.291385894742422,199,0.06136506902792451,0.10483026889110297,50238.076363160835
193,121.11695299091784,121.11695299091784,-0.026754509579867716,0.0,5.291385894742422,199,0.06036615929364106,0.06765911549938845,49856.93405048446
194,120.33799087045416,120.33799087045416,-0.006452258218118426,0.0,5.291385894742422,199,0.060107281138794495,0.07235659111113484,49726.914532748844
195,128.27679185632917,128.27679185632917,0.06388599138642667,0.0,5.291385894742422,199,0.06277459327439146,0.03782154801569226,50111.173522772646
196,122.03665575315262,122.03665575315262,-0.049868908998652525,0.0,5.291385894742422,199,0.060022698233500656,-0.10078458179716729,49560.76692983262
197,125.32973135674081,125.32973135674081,0.026626658535718817,0.0,5.291385894742422,199,0.059980434587067914,-0.15733736066560916,50075.38274922768
198,130.8740786086327,130.8740786086327,0.043287513792378114,0.0,5.291385894742422,199,0.06408457085380577,-0.10080608279732939,50902.438109996554
199,133.27596903031088,133.27596903031088,0.018186304664501354,0.0,5.291385894742422,199,0.06386035511417464,-0.07859357473913162,51102.07184529377
200,134.58053559771616,134.58053559771616,0.009740863933509926,0.0,5.2844544229368235,198,0.06492515970495448,-0.06767186720256692,51187.6387702086
201,133.875123222588,133.875123222588,-0.005255348326604007,0.0,5.2844544229368235,198,0.06480129746590353,-0.08993037451684495,51069.911720037126
202,131.8248045034454,131.8248045034454,-0.015433646782821806,0.0,5.2844544229368235,198,0.06381121263568973,-0.08740550614303698,50769.77426295242
203,134.87427021819542,134.87427021819542,0.02286921034768429,0.0,5.2844544229368235,198,0.06425394542527739,-0.10069301536713171,51194.53069267348
204,132.21599968941396,132.21599968941396,-0.019906066273069716,0.0,5.2844544229368235,198,0.06286563717873304,-0.11709474617233827,50890.81455091277
205,132.82073565722027,132.82073565722027,0.0045634203611366825,0.0,5.2844544229368235,198,0.06295781225179911,-0.11976541378306413,50938.72457685153
206,133.26849326191615,133.26849326191615,0.0033654727712079968,0.0,5.2844544229368235,198,0.06297742405949024,-0.1313968898845478,50982.70113859216
207,136.50081328189702,136.50081328189702,0.02396473309461158,0.0,5.2844544229368235,198,0.06369838060052532,-0.13186310005152393,51173.322809082834
208,131.70821577663173,131.70821577663173,-0.035741583402381656,0.0,5.2844544229368235,198,0.06429121933196867,-0.1508943599344007,50781.09215171764
209,134.58201072563662,134.58201072563662,0.021584769080837875,0.0,5.2844544229368235,198,0.06599605531281097,-0.16843823780705236,51155.66557040005
210,136.30285846601782,136.30285846601782,0.012705551958727164,0.0,5.2844544229368235,198,0.06600532672412054,-0.1564867164318599,51360.31525395858
211,136.46221077306706,136.46221077306706,0.001168421789658675,0.0,5.2844544229368235,198,0.0660666095348206,-0.15678670591959945,51365.70903443872
212,132.66217503918165,132.66217503918165,-0.028241872588639107,0.0,5.2844544229368235,198,0.06520902224886677,-0.15122826889899793,50974.42901048677
213,133.98238332176828,133.98238332176828,0.009902464005667962,0.0,5.2844544229368235,198,0.06501930862167013,-0.1606506004418939,51108.5576727993
214,127.62994399541624,127.62994399541624,-0.04857330936999762,0.0,5.2844544229368235,198,0.061948188439955504,-0.16601044165718049,50430.93973741504
215,126.95100600025839,126.95100600025839,-0.005333781689271928,0.0,5.2844544229368235,198,0.061846472590931394,-0.18163874608971953,50335.567962775145
216,123.67175034039819,123.67175034039819,-0.026170351532742258,0.0,5.2844544229368235,198,0.06284269807367762,-0.18982008198706554,49865.480651372905
217,123.50592411946862,123.50592411946862,-0.0013417574719900632,0.0,5.2844544229368235,198,0.06274531675558408,-0.20133155343795564,49827.69334977789
218,123.27757076786797,123.27757076786797,-0.0018506376763816387,0.0,5.2844544229368235,198,0.06285286682416194,-0.20043054194227644,49775.98328328749
219,125.49862518541454,125.49862518541454,0.01785631799405536,0.0,5.2844544229368235,198,0.06319105472417832,-0.19522905206143312,49836.029620105466
220,126.48731532045143,126.48731532045143,0.007847225179214263,0.0,5.2844544229368235,198,0.06301024695924348,-0.17639231055426516,49949.49864803327
221,121.3824901642358,121.3824901642358,-0.041195393354827775,0.0,5.2844544229368235,198,0.06207874104471203,-0.1951803285979528,49814.07475332739
222,123.37029446639427,123.37029446639427,0.016243721297948037,0.0,5.2844544229368235,198,0.06175975152062963,-0.22008579257256758,50049.638378241034
223,122.89209083844412,122.89209083844412,-0.0038836968822843075,0.0,5.2844544229368235,198,0.06165593523940734,-0.22186191974836159,50031.84718870384
224,123.7527232183032,123.7527232183032,0.006978746957152287,0.0,5.2844544229368235,198,0.061756423020531546,-0.22272611908825563,50106.19455056523
225,122.23479787787568,122.23479787787568,-0.012341639125820352,0.0,5.2844544229368235,198,0.06265190656540587,-0.22575547540977664,49948.00989977752
226,118.20771523173703,118.20771523173703,-0.033500392355366324,0.0,5.2844544229368235,198,0.06101705818472397,-0.20657470218734575,49366.35740417145
227,121.87987608765036,121.87987608765036,0.0305925619120271,0.0,5.2844544229368235,198,0.06212045809582372,-0.23157530001281837,49872.32865855097
228,120.6736017695626,120.6736017695626,-0.009946542707428315,0.0,5.2844544229368235,198,0.061928860541478774,-0.23918740234205813,49765.50242984013
229,121.06125501366786,121.06125501366786,0.0032072625484333168,0.0,5.2844544229368235,198,0.061963667393457766,-0.244639013663899,49813.35260575457
230,119.57259106948054,119.57259106948054,-0.012373013690159116,0.0,5.2844544229368235,198,0.06118426058305551,-0.2345333604325238,49574.44523822972
231,116.64289759603894,116.64289759603894,-0.024806533425349442,0.0,5.2844544229368235,198,0.06227326778003684,-0.22349461083813893,49104.190522221645
232,117.33513868733219,117.33513868733219,0.005917163183896175,0.0,5.2844544229368235,198,0.06238725257181429,-0.23496791162325575,49161.86309976745
233,118.74610660220401,118.74610660220401,0.011953382518126793,0.0,5.2844544229368235,198,0.06292219741420373,-0.24981910191451015,49298.507259422986
234,117.61236795664718,117.61236795664718,-0.009593456235543448,0.0,5.2844544229368235,198,0.06361769797785098,-0.26140818093591395,49140.01499044585
235,119.93976940285381,119.93976940285381,0.019595495500366378,0.0,5.2844544229368235,198,0.06446622661180018,-0.2729512788218196,49439.48890880032
236,120.2929693705923,120.2929693705923,0.002940483666259896,0.0,5.2844544229368235,198,0.06456866797101811,-0.2720403645650945,49454.24632976726
237,120.28140056974108,120.28140056974108,-9.617650344883734e-05,0.0,5.2844544229368235,198,0.06468582180276372,-0.27117602912882394,49427.13996684926
238,121.10427338510469,121.10427338510469,0.006817935707874937,0.0,5.2844544229368235,198,0.06512649085198015,-0.26528835705874704,49537.9474572488
239,124.05487433748641,124.05487433748641,0.024072064690026124,0.0,5.2844544229368235,198,0.06658123506293313,-0.2763205664532562,49885.417166739746
240,123.04403133269382,123.04403133269382,-0.008181733066988611,0.0,5.2844544229368235,198,0.0674716792396253,-0.27457963612862196,49706.49900540084
241,124.29380877158152,124.29380877158152,0.010105918891732686,0.0,5.2844544229368235,198,0.06826052011192103,-0.2907067254331832,49858.016000930715
242,127.68651684653116,127.68651684653116,0.026929984343880328,0.0,5.2844544229368235,198,0.07015615023021331,-0.2587672847276895,50185.36588889183
243,129.40487346667388,129.40487346667388,0.013367870523876158,0.0,5.2844544229368235,198,0.06896048777270508,-0.24424231958869214,50428.410982748384
244,132.02566231781125,132.02566231781125,0.02005027180193347,0.0,5.2844544229368235,198,0.07129952509554109,-0.23637528358881427,50774.411941275524
245,133.41829713238508,133.41829713238508,0.010492968799419524,0.0,5.2844544229368235,198,0.0720502575111328,-0.23805405729913945,50884.73632140658
246,133.26930013123126,133.26930013123126,-0.0011173899212806777,0.0,5.2844544229368235,198,0.07227245720432315,-0.24493366173676706,50840.226627318276
247,130.11743281354453,130.11743281354453,-0.023934522033476492,0.0,5.2844544229368235,198,0.0701803277448033,-0.2348243462900626,50396.26535256128
248,128.59060977948732,128.59060977948732,-0.011803581718648946,0.0,5.2844544229368235,198,0.06944521282914258,-0.20687592013570477,50167.05730379219
249,130.20731184055842,130.20731184055842,0.012494096411784178,0.0,5.2844544229368235,198,0.06868201706370611,-0.24204284199957268,50355.10938546927
250,127.93046717980029,127.93046717980029,-0.017640995565707213,0.0,5.2844544229368235,198,0.06730992197988866,-0.25381657477926417,50080.03175191212
251,126.06470870063228,126.06470870063228,-0.014691554921335448,0.0,5.2844544229368235,198,0.0667450449733645,-0.23268025021221267,49869.454688918224
252,124.31990802417262,124.31990802417262,-0.013937189452467285,0.0,5.2844544229368235,198,0.06797391724609399,-0.2067278126636794,49586.262129970164
253,125.21608902968282,125.21608902968282,0.007182810248826121,0.0,5.2844544229368235,198,0.06829724493187854,-0.22258761000987023,49707.868317087006
254,126.5926105765417,126.5926105765417,0.010933182696231152,0.0,5.2844544229368235,198,0.06868858490923788,-0.20280600092370257,49875.81970317616
255,124.94295716112381,124.94295716112381,-0.013116849297551345,0.0,5.2844544229368235,198,0.06964788325593144,-0.10678702456089845,49657.064917499534
256,128.2890577973026,128.2890577973026,0.02642869147991058,0.0,5.2844544229368235,198,0.07192584377239361,-0.07106304600520252,50056.71203684573
257,131.07941208274102,131.07941208274102,0.02151735672640981,0.0,5.2844544229368235,198,0.07414781958087927,-0.09855692982700946,50362.4924800723
258,136.1246212778481,136.1246212778481,0.03776746044309724,0.0,5.2844544229368235,198,0.07033722351257447,-0.09959738300567239,51053.049263505505
259,138.4508939075745,138.4508939075745,0.016944907048635785,0.0,5.2844544229368235,198,0.07211600166378303,-0.07853787955158924,51330.36429295312
260,136.37270653658032,136.37270653658032,-0.015124079451799643,0.0,5.2844544229368235,198,0.07081053153824561,-0.08768294155090699,51101.34169841129
261,139.19536770709593,139.19536770709593,0.020486842698808752,0.0,5.2844544229368235,198,0.0694513857677995,-0.10510289894767065,51466.82133482501
262,143.11640060362467,143.11640060362467,0.027779820004330987,0.0,5.2844544229368235,198,0.07243985038848054,-0.061868361029829434,51952.19613265849
263,143.87900280345812,143.87900280345812,0.005314398667132171,0.0,5.2844544229368235,198,0.07283458453902875,-0.03698197372733712,52019.703610368095
264,140.42188398849544,140.42188398849544,-0.024321339742444645,0.0,5.2844544229368235,198,0.07482217992521586,-0.03816593714701024,51642.44505618843
265,142.2334472439229,142.2334472439229,0.012818354087439634,0.0,5.2844544229368235,198,0.0760327890723873,-0.052040798144328534,51833.900936370606
266,147.72944543018528,147.72944543018528,0.037912826987932004,0.0,5.2844544229368235,198,0.07985000121939628,-0.032045395051991735,52372.911773688415
267,152.24633531576498,152.24633531576498,0.030117306739994913,0.0,5.2844544229368235,198,0.07776590185950381,0.04783852374663863,52922.717482595515
268,146.94798364137938,146.94798364137938,-0.03542116474637899,0.0,5.2844544229368235,198,0.07399973966265601,0.03456439148020866,52291.03991317469
269,146.58398315643788,146.58398315643788,-0.0024801433077041566,0.0,5.2844544229368235,198,0.07380956020353945,0.03222002182398876,52237.924335227806
270,143.19392603438493,143.19392603438493,-0.023398690404668573,0.0,5.2844544229368235,198,0.07541971306029738,0.03553253713273788,51777.459250353684
271,143.6691189961192,143.6691189961192,0.0033130332025466903,0.0,5.2844544229368235,198,0.07575850912098231,0.033338239578872116,51837.48367517981
272,142.1739106243213,142.1739106243213,-0.010461839921838237,0.0,5.2844544229368235,198,0.07520808600823486,0.04448175857983702,51631.331081301745
273,146.45131204137,146.45131204137,0.02964200125839674,0.0,5.2844544229368235,198,0.07361583969700497,0.046957447003488154,52045.61610895831
274,146.0195308826273,146.0195308826273,-0.0029526462748848555,0.0,5.2844544229368235,198,0.07332169122268208,0.02827227873494509,51995.97662719874
275,145.7679708376125,145.7679708376125,-0.0017242692429107682,0.0,5.2844544229368235,198,0.07313271967367128,0.018917208451668326,51947.37408674976
276,149.65704193422005,149.65704193422005,0.026330172529861116,0.0,5.2844544229368235,198,0.07209597779035054,0.008054773167711091,52408.99759155017
277,154.7968572846271,154.7968572846271,0.033767369953513655,0.0,5.2844544229368235,198,0.0755797062033672,0.03928035759551785,52978.812605736486
278,151.50205932422458,151.50205932422458,-0.021514441414434753,0.0,5.2844544229368235,198,0.07458551221422163,0.007388971415117718,52766.71376769364
279,152.53680033556108,152.53680033556108,0.00680666285560148,0.0,5.2844544229368235,198,0.07432385679569573,0.0005616271471232237,52880.12655020788
280,146.44184829021668,146.44184829021668,-0.040777470954748665,0.0,5.2844544229368235,198,0.07365797504829485,0.0038508719374370265,52146.24174048622
281,149.56641873189346,149.56641873189346,0.02111215696802514,0.0,5.2844544229368235,198,0.07316692467438665,-0.006534536749465256,52391.452309866705
282,146.89447340392877,146.89447340392877,-0.018026105637453205,0.0,5.2844544229368235,198,0.0714777509198176,-0.019297399044834528,52073.469182408226
283,146.83520486958625,146.83520486958625,-0.00040355837037137597,0.0,5.2844544229368235,198,0.07147025257292616,-0.01501205561955149,52070.92290358459
284,149.04193507426294,149.04193507426294,0.014916807181842726,0.0,5.2844544229368235,198,0.07182897621553189,-0.014058361796033505,52156.97897860431
285,152.22833995275786,152.22833995275786,0.021153920349938633,0.0,5.2844544229368235,198,0.07121775878062758,-0.03085670643349041,52556.1787665025
286,150.81356523722462,150.81356523722462,-0.009337223466905242,0.0,5.2844544229368235,198,0.07047575782716657,0.0033129393002290968,52362.43558265798
287,148.7513079078082,148.7513079078082,-0.013768569637524793,0.0,5.2844544229368235,198,0.07025508399329575,0.03199691887125191,52278.6713412489
288,154.8652597053129,154.8652597053129,0.040279609597246954,0.0,5.2844544229368235,198,0.07343782019557855,0.0012013321034591148,52783.09614709601
289,155.2238671282943,155.2238671282943,0.002312932326986607,0.0,5.2844544229368235,198,0.0733769177693362,-0.002506632500898518,52816.449083500986
290,154.1869097868655,154.1869097868655,-0.006702812578840985,0.0,5.2844544229368235,198,0.07349796099419469,-0.023565963825727936,52714.27917261271
291,146.58589309740637,146.58589309740637,-0.05055400873398623,0.0,5.2844544229368235,198,0.0757950581156432,0.005871672186937333,51904.81353875242
292,145.65877399930054,145.65877399930054,-0.006344835767663053,0.0,5.2844544229368235,198,0.075177379103136,0.027832522371084547,51775.04584229495
293,143.35187219780065,143.35187219780065,-0.015964469317789724,0.0,5.2844544229368235,198,0.07502279304840787,0.0400044593169477,51675.96647031672
294,138.22680982437305,138.22680982437305,-0.03640636711072878,0.0,5.2844544229368235,198,0.07498562042401298,0.07501898450569967,51416.848257606296
295,140.77967840623288,140.77967840623288,0.018300218346407403,0.0,5.2844544229368235,198,0.07408384164772953,0.05137986935716619,51767.109301857316
296,141.16957842353983,141.16957842353983,0.0027657477819337294,0.0,5.2844544229368235,198,0.07423512047369617,0.05146695487778363,51800.850056207346
297,141.13696217045384,141.13696217045384,-0.00023106976666203684,0.0,5.2844544229368235,198,0.07420908801034182,0.05189754041778904,51797.52099964502
298,143.38864964481874,143.38864964481874,0.015827991501564383,0.0,5.2844544229368235,198,0.07565751069616694,0.04685606055349756,51983.57886115312
299,147.11357945541374,147.11357945541374,0.025646164472356636,0.0,5.2844544229368235,198,0.0747051422351342,0.06708088246443528,52352.80351079777
300,151.51268404286282,151.51268404286282,0.029464406704601386,0.0,5.277522951131224,197,0.07459113377865108,0.0913326104535363,52652.10858187156
301,153.38681057944848,153.38681057944848,0.012293560159310522,0.0,5.277522951131224,197,0.07422132504972705,0.09401839119566263,52866.876965534284
302,155.98915119722076,155.98915119722076,0.01682355656435387,0.0,5.277522951131224,197,0.07497548975314539,0.09080672598290392,53130.90291574859
303,155.77385685022546,155.77385685022546,-0.0013811412878483385,0.0,5.277522951131224,197,0.07506427828032328,0.08202437316936577,53095.98974797509
304,154.21501707502279,154.21501707502279,-0.010057476550883624,0.0,5.277522951131224,197,0.07451351504621925,0.07939898538019433,52891.29714932442
305,153.22392810219216,153.22392810219216,-0.00644740961805764,0.0,5.277522951131224,197,0.0746147761362997,0.08480214852527582,52833.792762764686
306,155.48791641075658,155.48791641075658,0.014667586863537689,0.0,5.277522951131224,197,0.07394086271456199,0.0765190259329814,53072.974188317916
307,159.07367518982778,159.07367518982778,0.02279944024267248,0.0,5.277522951131224,197,0.07365932574604153,0.07098762962430555,53418.38713339617
308,157.3293707851195,157.3293707851195,-0.011025949960648538,0.0,5.277522951131224,197,0.07389242309852619,0.06560499263717796,53252.16738828385
309,159.20794521447272,159.20794521447272,0.011869668378567186,0.0,5.277522951131224,197,0.07460026834648953,0.06831694620912762,53444.84737943623
310,161.19225716558898,161.19225716558898,0.01238661715635116,0.0,5.277522951131224,197,0.07489560340759015,0.056719971243861585,53515.37807777435
311,156.36383756464946,156.36383756464946,-0.030412212688434005,0.0,5.277522951131224,197,0.07346944805238768,0.031686060838731975,53238.736144568764
312,158.0005304759245,158.0005304759245,0.010412806704925375,0.0,5.277522951131224,197,0.07318408172523606,0.02531123290204289,53449.948144672104
313,160.82389163224727,160.82389163224727,0.0177115350466223,0.0,5.277522951131224,197,0.07441390733270813,0.0277178682165676,53763.70280271086
314,152.67674688297433,152.67674688297433,-0.051987004626429245,0.0,5.277522951131224,197,0.07349459335688771,0.0032169662936481444,53225.2498627815
315,147.88077968041182,147.88077968041182,-0.031916514443753596,0.0,5.277522951131224,197,0.07522075465146809,0.07936342208575091,52532.11870273287
316,149.14094919137165,149.14094919137165,0.00848542008695263,0.0,5.277522951131224,197,0.07557308384269334,0.05885718236231279,52695.32699063976
317,148.38074308541005,148.38074308541005,-0.005110267789428022,0.0,5.277522951131224,197,0.07551586873702618,0.034329390914460675,52591.074029410665
318,148.0671149097132,148.0671149097132,-0.0021159086446375865,0.0,5.277522951131224,197,0.07565041335224515,0.016867925114209318,52528.59823998643
319,144.7631228089336,144.7631228089336,-0.022566879311112,0.0,5.277522951131224,197,0.07446220084486632,0.02869148947482777,52128.00329119806
320,150.51433463129854,150.51433463129854,0.03895955559073583,0.0,5.277522951131224,197,0.07416039147143434,0.008142893276865718,52441.09829730275
321,154.33531347847466,154.33531347847466,0.025069269277065955,0.0,5.277522951131224,197,0.07322499498924163,0.021016890450995897,52916.126531785354
322,152.2732313389027,152.2732313389027,-0.013451113909258922,0.0,5.277522951131224,197,0.07219496477061361,0.005367631592907844,52623.26553875776
323,146.03118164599996,146.03118164599996,-0.04185630991795281,0.0,5.277522951131224,197,0.07492475041431104,0.02904165111651127,52009.904129237315
324,142.76953018635294,142.76953018635294,-0.02258851872983926,0.0,5.277522951131224,197,0.07480359004889481,0.07006792879370394,51678.59133170228
325,141.7336761890034,141.7336761890034,-0.007281876276789775,0.0,5.277522951131224,197,0.0751411053639105,0.060081374809429405,51540.908854347246
326,143.96030320590037,143.96030320590037,0.01558781257412642,0.0,5.277522951131224,197,0.07571803361269822,0.0192777889151122,51791.5442086364
327,149.47587655257925,149.47587655257925,0.03759742956817276,0.0,5.277522951131224,197,0.07556860539498882,0.07447207221021696,52125.342045365396
328,150.61493884241588,150.61493884241588,0.0075914869886488864,0.0,5.277522951131224,197,0.07514173335557792,0.08430385089997094,52253.44698463144
329,154.04897729063518,154.04897729063518,0.022544080259183304,0.0,5.277522951131224,197,0.07697659326251659,0.08562922787157254,52705.12793939781
330,156.96934961792337,156.96934961792337,0.018779974719613065,0.0,5.277522951131224,197,0.07822957674242857,0.10137102062811296,53047.10597237413
331,153.81067777222785,153.81067777222785,-0.02032807991677924,0.0,5.277522951131224,197,0.07976018880849996,0.08791661250331717,52695.146487298516
332,150.25365371976963,150.25365371976963,-0.0233975902869226,0.0,5.277522951131224,197,0.07746116491234009,0.11490034952858597,52278.967250978785
333,152.48296785252327,152.48296785252327,0.014728012875025797,0.0,5.277522951131224,197,0.07784877244413924,0.10955990131649115,52390.994384916856
334,154.5622854055446,154.5622854055446,0.013544253284310203,0.0,5.277522951131224,197,0.07721797993380206,0.11476699151414857,52628.28986554117
335,154.46653818674392,154.46653818674392,-0.000619665316338277,0.0,5.277522951131224,197,0.07708126487483913,0.11642221777033664,52598.388362738246
336,154.3123612838106,154.3123612838106,-0.0009986233904610816,0.0,5.277522951131224,197,0.07720874634149535,0.08951122753735659,52577.41668399997
337,159.97470455307143,159.97470455307143,0.036036838017301814,0.0,5.277522951131224,197,0.0783531166172467,0.11235262924775603,53029.8204529538
338,155.81162040125767,155.81162040125767,-0.02636799016272433,0.0,5.277522951131224,197,0.07982012258179486,0.08366105328941645,52646.33789764635
339,158.4689889792863,158.4689889792863,0.016911205018010942,0.0,5.277522951131224,197,0.08133362482741789,0.07673934813333731,52925.7974590017
340,157.64849690051636,157.64849690051636,-0.005191069510013,0.0,5.277522951131224,197,0.08131873474314183,0.10796783794340434,52817.471788761395
341,162.15644942052484,162.15644942052484,0.028193754834775698,0.0,5.277522951131224,197,0.08150894541305835,0.11413553562605393,53133.101056496205
342,166.1219049331304,166.1219049331304,0.02416027953604331,0.0,5.277522951131224,197,0.08382049364853617,0.1335448850447753,53536.62498042665
343,164.19111702716606,164.19111702716606,-0.011690788847814139,0.0,5.277522951131224,197,0.08355079192755781,0.12308280542556514,53314.96705573688
344,170.0739448138328,170.0739448138328,0.03520221491136302,0.0,5.277522951131224,197,0.08409668036513049,0.09565338452532307,53781.570772954066
345,170.6410243647198,170.6410243647198,0.003328765248498513,0.0,5.277522951131224,197,0.08438029906033309,0.10556690433225603,53820.15085504486
346,164.1595547131207,164.1595547131207,-0.038723227758901,0.0,5.277522951131224,197,0.08557816376428688,0.09313155003168758,53216.65204673826
347,163.33718470240836,163.33718470240836,-0.005022167491959669,0.0,5.277522951131224,197,0.08501138869016917,0.12172546464437749,53122.62930982491
348,167.74281001323553,167.74281001323553,0.02661523164199786,0.0,5.277522951131224,197,0.08769921274409287,0.11845219233967122,53511.811148165885
349,163.31389552762766,163.31389552762766,-0.02675782523026197,0.0,5.277522951131224,197,0.08987925143418647,0.0923601220590117,52986.243925694645
350,162.32863963031184,162.32863963031184,-0.006051168366151677,0.0,5.277522951131224,197,0.08925851404233238,0.0858447476749304,52851.687875224445
351,164.300182220006,164.300182220006,0.012072214096609519,0.0,5.277522951131224,197,0.08933681896128166,0.07544211065997058,52892.46639089493
352,166.37846738864994,166.37846738864994,0.012569983189993974,0.0,5.277522951131224,197,0.09038351797310261,0.07363510158427222,53087.33559119789
353,160.63499990485442,160.63499990485442,-0.035130407372775625,0.0,5.277522951131224,197,0.0903514817935997,0.033767763484643894,52905.0157311851
354,153.88022942524836,153.88022942524836,-0.042960141109547635,0.0,5.277522951131224,197,0.08716421206640533,0.11119847536662877,52164.16368239167
355,150.7947657150634,150.7947657150634,-0.020254823959957192,0.0,5.277522951131224,197,0.0874390810597834,0.14293165209936554,52066.48540277283
356,149.23130884196357,149.23130884196357,-0.01042223431853225,0.0,5.277522951131224,197,0.08777259900785699,0.1507274289649593,51987.824542049624
357,153.1747964348256,153.1747964348256,0.026082219098962592,0.0,5.277522951131224,197,0.08670549671520567,0.1389814521832576,52460.62522188334
358,149.272983126724,149.272983126724,-0.025802998423398112,0.0,5.277522951131224,197,0.08521797747527488,0.10262579150349636,51954.836389183605
359,146.55293933583297,146.55293933583297,-0.01839000737993073,0.0,5.277522951131224,197,0.08490878376414576,0.09526505992572529,51860.446722034205
360,148.9654397862973,148.9654397862973,0.016327607462214528,0.0,5.277522951131224,197,0.08583319477662417,0.07463532089479034,52064.072585360846
361,146.56220663199647,146.56220663199647,-0.01626437431787466,0.0,5.277522951131224,197,0.08629167667596876,0.05791788690461547,51759.71713065526
362,150.1907330860121,150.1907330860121,0.024456083282409623,0.0,5.277522951131224,197,0.08652126592149653,0.044826328095897754,52111.21290762825
363,158.07601884044675,158.07601884044675,0.05117000895870208,0.0,5.277522951131224,197,0.08531409375271091,0.08017940295226265,52898.21338120062
364,149.99282370223636,149.99282370223636,-0.05248859825498656,0.0,5.277522951131224,197,0.08378095421564259,-0.002854274097231803,51872.28428028321
365,148.6198308034252,148.6198308034252,-0.009195876688939163,0.0,5.277522951131224,197,0.08384363063195986,0.012431635393036372,51778.95781103053
366,150.44019802576003,150.44019802576003,0.012174075634063813,0.0,5.277522951131224,197,0.08360110315939155,-0.0006354382124142467,52025.08663209967
367,151.84644376163124,151.84644376163124,0.009304121889370005,0.0,5.277522951131224,197,0.0836929454249157,0.009811553623215011,52188.39214804593
368,150.94072816240666,150.94072816240666,-0.0059825407716209015,0.0,5.277522951131224,197,0.0836397464212212,0.012041050167727873,52128.45816197049
369,151.1695941549801,151.1695941549801,0.0015151156345766914,0.0,5.277522951131224,197,0.08369927395296432,0.006921818752962368,52150.83630084535
370,150.83357938334754,150.83357938334754,-0.002225240922797969,0.0,5.277522951131224,197,0.08370899902953018,0.018260793511335645,52089.46054015457
371,151.41528421297798,151.41528421297798,0.003849182696208839,0.0,5.277522951131224,197,0.08383736412110916,0.028223312748849705,52136.622067020944
372,148.87554565349043,148.87554565349043,-0.016915595590037403,0.0,5.277522951131224,197,0.08376087023228403,0.01971916057560779,51840.12247641146
373,151.10702598232137,151.10702598232137,0.014877674240409984,0.0,5.277522951131224,197,0.08368032557846708,0.040513592742470864,52009.21038583029
374,147.92254225880788,147.92254225880788,-0.021299593442261414,0.0,5.277522951131224,197,0.0831386555270786,-0.01783947098366961,51515.1645796123
375,150.9231999419165,150.9231999419165,0.020082324127304832,0.0,5.277522951131224,197,0.08392614546844249,-0.02350839081695201,51848.63486201715
376,153.25894761928697,153.25894761928697,0.01535786110918512,0.0,5.277522951131224,197,0.08470126351097312,-0.012464687271216461,52078.163238104265
377,154.3928300402181,154.3928300402181,0.007371240066901521,0.0,5.277522951131224,197,0.0847125017512037,-0.009672766372767077,52200.53096641456
378,154.21476489221408,154.21476489221408,-0.0011539908329456035,0.0,5.277522951131224,197,0.08466232090200457,-0.01214285522436969,52167.30526332087
379,154.84668205492798,154.84668205492798,0.004089271240651556,0.0,5.277522951131224,197,0.08464844673531045,0.01663473939301377,52192.641946570904
380,156.1101981179346,156.1101981179346,0.008126676702887334,0.0,5.277522951131224,197,0.08441468960853248,-0.0138758266613114,52320.057693258495
381,151.03733157591344,151.03733157591344,-0.033035120821222216,0.0,5.277522951131224,197,0.0849782420396109,-0.010968600717262916,51874.59428127872
382,148.3972808419769,148.3972808419769,-0.01763402784029819,0.0,5.277522951131224,197,0.0849777430385732,-0.010086247020553038,51598.3644367937
383,147.5874512908934,147.5874512908934,-0.005472117200411119,0.0,5.277522951131224,197,0.0848222355619732,-0.04156104602297629,51496.11703255783
384,149.50511210262593,149.50511210262593,0.012909696714784804,0.0,5.277522951131224,197,0.08474669124042561,-0.05146951710567472,51570.353662920585
385,145.0139466689345,145.0139466689345,-0.030500665193627405,0.0,5.277522951131224,197,0.08643363182512047,-0.05901068386481121,51225.206973210115
386,141.0474682009299,141.0474682009299,-0.02773343408862264,0.0,5.277522951131224,197,0.08609115956703078,-0.04892163998015765,50890.39305143332
387,139.31808214423648,139.31808214423648,-0.012336808059564205,0.0,5.277522951131224,197,0.08537184215297303,-0.05166589364043785,50685.488196589045
388,137.45505222098166,137.45505222098166,-0.01346270884352927,0.0,5.277522951131224,197,0.08610094514503734,-0.05447983829407802,50490.136911083915
389,141.3784113735215,141.3784113735215,0.02814309338101084,0.0,5.277522951131224,197,0.08591962049291171,-0.0835598407090282,50767.8237551043
390,139.5152306853069,139.5152306853069,-0.013266288266684932,0.0,5.277522951131224,197,0.08631570097066818,-0.08330764021656524,50537.37640247225
391,137.79475431815752,137.79475431815752,-0.012408485343862973,0.0,5.277522951131224,197,0.08600342331386847,-0.09410961280643405,50324.85895638322
392,138.04567319433423,138.04567319433423,0.0018193050790165754,0.0,5.277522951131224,197,0.08599746059299511,-0.08412076917126199,50329.5853473959
393,134.0339419818194,134.0339419818194,-0.029491529328565646,0.0,5.277522951131224,197,0.08577673524778757,-0.09541446533834964,49887.15263082868
394,130.98885742386656,130.98885742386656,-0.022980804497632224,0.0,5.277522951131224,197,0.0861844488781718,-0.07572782647758458,49746.67455839566
395,127.23780197338417,127.23780197338417,-0.029054469669892,0.0,5.277522951131224,197,0.08865153718905633,-0.05558058761992269,49401.86240150204
396,129.65386736430492,129.65386736430492,0.01881054872498577,0.0,5.277522951131224,197,0.08835459211530539,-0.07677318399068511,49501.334183382765
397,131.6873026501453,131.6873026501453,0.015561852135209928,0.0,5.277522951131224,197,0.08778962928522656,-0.03314541465726523,49755.88500051246
398,137.6338470805136,137.6338470805136,0.04416668399973397,0.0,5.277522951131224,197,0.08860129495419268,0.014446581569223921,50442.28411287266
399,133.21192721634245,133.21192721634245,-0.032655579176758105,0.0,5.277522951131224,197,0.08857201530707692,-0.0312925352448854,50271.26121327534
400,129.1363136678546,129.1363136678546,-0.0310727562116831,0.0,5.270591479325625,196,0.09142139142985797,-0.0014320865304828852,49630.06212025631
401,124.75196017229875,124.75196017229875,-0.03454109423986421,0.0,5.270591479325625,196,0.0915619214761398,-0.003479485408303264,49448.01366319636
402,119.54136605247551,119.54136605247551,-0.04266497640502881,0.0,5.270591479325625,196,0.09158069339077776,0.03928773238744024,48968.19762414705
403,121.17589324655297,121.17589324655297,0.013580682338714225,0.0,5.270591479325625,196,0.09138601238151649,0.024945761676476202,49210.151369802334
404,124.23962793954617,124.23962793954617,0.024969030898726752,0.0,5.270591479325625,196,0.09092875009459822,0.03242933651084368,49569.31495778085
405,123.6854911757603,123.6854911757603,-0.004470202039435236,0.0,5.270591479325625,196,0.09099008674601275,0.042642702835956274,49533.95660363967
406,123.66234349845828,123.66234349845828,-0.00018716701037699561,0.0,5.270591479325625,196,0.09106855623747435,0.044045540766119363,49525.77204006727
407,123.58100510964077,123.58100510964077,-0.000657962223936923,0.0,5.270591479325625,196,0.09107818477636077,0.04503222957460712,49493.07719778766
408,122.97476698017368,122.97476698017368,-0.0049176650465018795,0.0,5.270591479325625,196,0.09119039784413678,0.07037742566079118,49416.46167807269
409,126.98469472161852,126.98469472161852,0.03208737736884913,0.0,5.270591479325625,196,0.09160266570593885,0.0672342823798799,49936.44358104812
410,129.8205102446357,129.8205102446357,0.02208624080523644,0.0,5.270591479325625,196,0.09221826693915115,0.09838388367375708,50029.19266973568
411,127.75682005326405,127.75682005326405,-0.01602419240406195,0.0,5.270591479325625,196,0.09143002777902581,0.07922102635524653,49813.416720390196
412,127.43221632663405,127.43221632663405,-0.0025440270186086584,0.0,5.270591479325625,196,0.09157059391096704,0.09675408031415332,49759.30725762927
413,128.369900569052,128.369900569052,0.007331357955474203,0.0,5.270591479325625,196,0.0918945802210302,0.05798828445341619,49845.49566311124
414,123.69484398357908,123.69484398357908,-0.03709834762171005,0.0,5.270591479325625,196,0.09236653094016303,0.023196140531060564,49258.97177602499
415,123.85552855151037,123.85552855151037,0.0012981971212791075,0.0,5.270591479325625,196,0.09238351472771109,0.013329744206438857,49263.62675413883
416,128.67450432314916,128.67450432314916,0.03817019933933224,0.0,5.270591479325625,196,0.09260777103719313,0.026478716525146447,49437.3295672619
417,128.94208183432877,128.94208183432877,0.0020773321422662447,0.0,5.270591479325625,196,0.09264031541736098,0.0562291091793,49453.488269010435
418,130.15776458859645,130.15776458859645,0.009383962916210083,0.0,5.270591479325625,196,0.09232125858949262,0.04597275910447965,49606.60890877762
419,132.1974801619757,132.1974801619757,0.015549578005317807,0.0,5.270591479325625,196,0.09207396601882213,0.06352711370301013,49736.30851491658
420,131.292171586225,131.292171586225,-0.006871709246718764,0.0,5.270591479325625,196,0.09243852128515248,0.0702301114118201,49587.045206437295
421,126.73697198819755,126.73697198819755,-0.03531130510164461,0.0,5.270591479325625,196,0.09278330576142449,0.08608704798830323,48828.99432831727
422,123.51096960869319,123.51096960869319,-0.025783877219583376,0.0,5.270591479325625,196,0.09414299216890823,0.0614310808137551,48516.928036145524
423,121.70122167085285,121.70122167085285,-0.014760936542827096,0.0,5.270591479325625,196,0.0943168477222717,0.17943352149436925,48297.471109961516
424,124.45828939910899,124.45828939910899,0.022401596541471863,0.0,5.270591479325625,196,0.09327036458482504,0.16828536818132148,48710.94571083746
425,122.3350136566175,122.3350136566175,-0.017207339959820298,0.0,5.270591479325625,196,0.09359320894904151,0.15640453566196902,48366.955447080574
426,124.98696972858181,124.98696972858181,0.02144619479255779,0.0,5.270591479325625,196,0.09270121562807786,0.13291069299984232,48572.40599421765
427,122.71901662565118,122.71901662565118,-0.018312165265255247,0.0,5.270591479325625,196,0.0932179569606449,0.11901697849552723,48329.30280235064
428,121.0505364999555,121.0505364999555,-0.013689209005358579,0.0,5.270591479325625,196,0.0939799475814911,0.1249428183556936,48092.93440686679
429,119.73161543017714,119.73161543017714,-0.010955415513253419,0.0,5.270591479325625,196,0.09420217742925965,0.12734512479515664,47916.24541744344
430,120.13953154838912,120.13953154838912,0.0034011302865771375,0.0,5.270591479325625,196,0.09421810346253835,0.12459874652907538,47942.06061278307
431,118.88680808377936,118.88680808377936,-0.010481982332556011,0.0,5.270591479325625,196,0.09464510980874391,0.12678435097238805,47748.24570865304
432,120.12272790726533,120.12272790726533,0.01034210484044173,0.0,5.270591479325625,196,0.09485786765360188,0.1326757943829593,47809.62847576574
433,120.30381494198329,120.30381494198329,0.001506381673298436,0.0,5.270591479325625,196,0.09488793245388927,0.15018165966358188,47814.114101146086
434,122.4709322716845,122.4709322716845,0.017853379868287403,0.0,5.270591479325625,196,0.09488618231959974,0.17061050383589915,48168.286674132665
435,122.29325904241536,122.29325904241536,-0.0014517912895839972,0.0,5.270591479325625,196,0.09493094088136186,0.157804570709935,48140.38929166762
436,115.37826846213694,115.37826846213694,-0.05820590150559739,0.0,5.270591479325625,196,0.0967169852222835,0.13002342771727673,47124.91319406217
437,119.58928638847836,119.58928638847836,0.03584723735810524,0.0,5.270591479325625,196,0.09633463471610594,0.04655624049723968,47739.40249513897
438,119.63161647372813,119.63161647372813,0.00035389955631059933,0.0,5.270591479325625,196,0.09642671868866735,0.052077454203384076,47731.45815768997
439,121.14963530730405,121.14963530730405,0.012609278631726556,0.0,5.270591479325625,196,0.0965181647467411,0.05091099799614354,47793.19892454558
440,120.98053386323862,120.98053386323862,-0.0013967815092004309,0.0,5.270591479325625,196,0.09665809124894321,0.06508281966824794,47767.82910519726
441,120.53842878264054,120.53842878264054,-0.0036610423426605724,0.0,5.270591479325625,196,0.09678054075193629,0.052587450479119315,47699.06576532638
442,120.96598710498697,120.96598710498697,0.003540794626669816,0.0,5.270591479325625,196,0.09681183743002175,0.051834545467849054,47738.043429038014
443,116.25286449135518,116.25286449135518,-0.039741722825576566,0.0,5.270591479325625,196,0.09688384447242251,0.04172988867022005,47307.509967905746
444,115.24331924946854,115.24331924946854,-0.008721972219808553,0.0,5.270591479325625,196,0.09774224530079982,0.06363347009346758,47160.57299621775
445,114.20178918846948,114.20178918846948,-0.009078748481277616,0.0,5.270591479325625,196,0.09772536383912243,0.04354008534076356,47110.54462907635
446,115.5256814608437,115.5256814608437,0.011525891307365362,0.0,5.270591479325625,196,0.09758279264069633,0.0333497722589593,47179.54236113096
447,116.5697970122098,116.5697970122098,0.008997354036040546,0.0,5.270591479325625,196,0.09773588808388838,0.036312406257961075,47329.53415188606
448,118.90586548402493,118.90586548402493,0.019841924124476176,0.0,5.270591479325625,196,0.09614770753392099,0.057386505934065656,47622.71211892521
449,115.01535329293354,115.01535329293354,-0.03326650736946152,0.0,5.270591479325625,196,0.0967649420277271,0.04415903966375786,47378.126377350985
450,112.14600940764946,112.14600940764946,-0.025263948647462883,0.0,5.270591479325625,196,0.09802319784499705,0.06336408826087038,46995.05524223211
451,115.63439315630472,115.63439315630472,0.03063175294192523,0.0,5.270591479325625,196,0.09844650795689447,0.03764863903240762,47307.12253280412
452,116.63513676440905,116.63513676440905,0.008617142342933905,0.0,5.270591479325625,196,0.09826029117435808,0.05464199674090333,47425.88217376177
453,115.16623899633113,115.16623899633113,-0.012673931942360732,0.0,5.270591479325625,196,0.09957305432765652,0.03304739987852073,47236.01436651812
454,116.42240424043727,116.42240424043727,0.01084835202646149,0.0,5.270591479325625,196,0.09915537132948796,0.008972914475724342,47320.79693599187
455,118.72949383051005,118.72949383051005,0.019622751402116927,0.0,5.270591479325625,196,0.09901354264894052,0.03819306258723126,47677.996231331585
456,117.9870763613463,117.9870763613463,-0.006272648364504904,0.0,5.270591479325625,196,0.09929300436661735,0.022578971649364753,47550.53847971669
457,119.26414801976107,119.26414801976107,0.01076566830004797,0.0,5.270591479325625,196,0.09900135369486728,-0.0074395157322371085,47709.00981645337
458,116.78627298128536,116.78627298128536,-0.020995226763965077,0.0,5.270591479325625,196,0.09907756367954605,0.03627160900176549,47409.44338325997
459,118.79663782205785,118.79663782205785,0.017067567724666076,0.0,5.270591479325625,196,0.09969124065660236,-0.011811325418696363,47603.01169027555
460,119.40182347824144,119.40182347824144,0.005081367487028156,0.0,5.270591479325625,196,0.0994263911549298,-0.046555740459489105,47663.85804974119
461,117.62216633332189,117.62216633332189,-0.015016965922366772,0.0,5.270591479325625,196,0.09913021929002962,-0.11025096327648541,47597.96643110798
462,116.72589670839075,116.72589670839075,-0.007649083873293498,0.0,5.270591479325625,196,0.09960475369203207,-0.08803047280227581,47504.93311973852
463,117.68982972244594,117.68982972244594,0.008224178999110184,0.0,5.270591479325625,196,0.09908363520212853,-0.10747857924127288,47593.37148593955
464,117.03952643721716,117.03952643721716,-0.005540891515574157,0.0,5.270591479325625,196,0.09863116478241234,-0.108516827289653,47487.45512552317
465,118.0198311277248,118.0198311277248,0.00834096020771058,0.0,5.270591479325625,196,0.09794859060700657,-0.11001587163996192,47598.28879647505
466,121.7612796924353,121.7612796924353,0.031209733266184907,0.0,5.270591479325625,196,0.09724247102045752,-0.09221555893073097,47804.29201352507
467,124.48839463021004,124.48839463021004,0.022150091722562108,0.0,5.270591479325625,196,0.09621890088695836,-0.05990714413742033,48090.457857323345
468,123.92319009048025,123.92319009048025,-0.004550556816415932,0.0,5.270591479325625,196,0.09613806740424154,-0.05739211871408855,48048.56959322161
469,123.93631648287598,123.93631648287598,0.00010591800645030874,0.0,5.270591479325625,196,0.09616085848145438,-0.0932008416622208,48035.94586990778
470,124.70475744197927,124.70475744197927,0.006181146128400729,0.0,5.270591479325625,196,0.09636918193468597,-0.07888469572657317,48093.333777325584
471,126.34625005170018,126.34625005170018,0.013077151284414723,0.0,5.270591479325625,196,0.09627770307531096,-0.07646996876027108,48263.385706687506
472,125.92697529348283,125.92697529348283,-0.003323976562986829,0.0,5.270591479325625,196,0.09644785764450646,-0.07756705026339746,48197.91129875076
473,121.1799470191407,121.1799470191407,-0.038425571469356434,0.0,5.270591479325625,196,0.09845086439054263,-0.05464003933909606,47569.24929492022
474,121.3875112944292,121.3875112944292,0.0017113946560873344,0.0,5.270591479325625,196,0.09851801267070126,-0.05988026555988782,47586.42525273431
475,122.13079957067828,122.13079957067828,0.00610459707851411,0.0,5.270591479325625,196,0.09858811878901465,-0.06189338398544426,47646.26252633347
476,123.80095446172867,123.80095446172867,0.013582471884393205,0.0,5.270591479325625,196,0.09836627930196441,-0.06671861254706699,47834.10921972404
477,121.94023092939827,121.94023092939827,-0.015144055654621003,0.0,5.270591479325625,196,0.1001184704531895,-0.07763224136426292,47585.70022766075
478,121.46617668667045,121.46617668667045,-0.003895171427468907,0.0,5.270591479325625,196,0.10010296210158472,-0.08456342638190335,47566.7382459813
479,120.11359214412751,120.11359214412751,-0.011197946606976553,0.0,5.270591479325625,196,0.10135471154137665,-0.07952816026911097,47400.8687460488
480,123.14828194686048,123.14828194686048,0.024951277332093267,0.0,5.270591479325625,196,0.10162408333942358,-0.09871798395249565,47514.08462463829
481,123.22384582591206,123.22384582591206,0.0006134125812371192,0.0,5.270591479325625,196,0.10163171801190667,-0.14721139421144866,47507.24600739798
482,120.50486718871903,120.50486718871903,-0.02231244242943915,0.0,5.270591479325625,196,0.10022573607717586,-0.1682805326556362,47034.68744030491
483,123.10437155810006,123.10437155810006,0.021342401088261145,0.0,5.270591479325625,196,0.09794535878565333,-0.17348501367472102,47334.43474369991
484,124.54114502902958,124.54114502902958,0.011603598657563094,0.0,5.270591479325625,196,0.09792724917004077,-0.1444774461066726,47386.79163354888
485,125.48879491190762,125.48879491190762,0.007580327546924429,0.0,5.270591479325625,196,0.09747341604988356,-0.12245641812771331,47454.40021892241
486,129.9363626543814,129.9363626543814,0.034828341543924,0.0,5.270591479325625,196,0.09696344912853523,-0.08575717670869641,48095.568698633324
487,132.42822244618728,132.42822244618728,0.018995968697845124,0.0,5.270591479325625,196,0.09715255012561379,-0.06913460150300565,48415.31797586462
488,136.0960302735429,136.0960302735429,0.027319960256624917,0.0,5.270591479325625,196,0.0968951505413421,-0.05487758532079193,48679.52077047757
489,143.08580987448184,143.08580987448184,0.050083777829026274,0.0,5.270591479325625,196,0.09198293741803408,0.005046693874417483,49428.01312882047
490,140.2826575862804,140.2826575862804,-0.019785149380853975,0.0,5.270591479325625,196,0.0934731742566961,-0.04142248427890104,49148.406037114655
491,141.87394158453435,141.87394158453435,0.01127955804879254,0.0,5.270591479325625,196,0.09417053221220305,-0.0457865936441908,49350.74052057958
492,140.98864023459484,140.98864023459484,-0.0062596065902413185,0.0,5.270591479325625,196,0.09435873962116301,-0.048706429951150064,49229.306173199286
493,140.44236411159866,140.44236411159866,-0.0038821366561348778,0.0,5.270591479325625,196,0.09451837233839498,-0.045342746257350575,49166.18187872393
494,138.88787479206306,138.88787479206306,-0.011130233328023372,0.0,5.270591479325625,196,0.09417996842392706,-0.03912308301447572,49029.524977991336
495,136.12041490155326,136.12041490155326,-0.020127053751012855,0.0,5.270591479325625,196,0.09536293447731284,-0.03403829447837287,48772.69058447113
496,137.0004316434298,137.0004316434298,0.006444178819818403,0.0,5.270591479325625,196,0.09562828293851787,0.05705684712964154,48848.18374003553
497,136.80985900831874,136.80985900831874,-0.001392005139250375,0.0,5.270591479325625,196,0.09565587415158057,0.06302250312471107,48815.26788585985
498,140.36489333382343,140.36489333382343,0.025653341478856777,0.0,5.270591479325625,196,0.09642398981739583,0.05800138990993402,49165.436345665184
499,139.78417690089066,139.78417690089066,-0.004145773278477902,0.0,5.270591479325625,196,0.09680214735412984,0.0519755189548347,49099.40728819852
500,140.22394921064253,140.22394921064253,0.0031411422050741556,0.0,5.263660007520025,195,0.09647241379778064,0.05051124807022797,49157.61112942131
501,144.64010672745002,144.64010672745002,0.031007852755626418,0.0,5.263660007520025,195,0.09820068134066105,0.04972906903186293,49733.16317049132
502,141.8891904391789,141.8891904391789,-0.019202230576351644,0.0,5.263660007520025,195,0.09945013364293492,0.019651461296332225,49431.80916922143
503,144.6385013043136,144.6385013043136,0.019191131082010524,0.0,5.263660007520025,195,0.09842261230982129,-0.026795390941418244,49697.27402147103
504,143.77940740007432,143.77940740007432,-0.0059573030594979315,0.0,5.263660007520025,195,0.09813409485725003,-0.04342592512139822,49569.8606899829
505,147.6479599043095,147.6479599043095,0.026550559015424167,0.0,5.263660007520025,195,0.09544892160020536,-0.049182502667354085,49935.56884139431
506,148.43368974330252,148.43368974330252,0.0053075338132070925,0.0,5.263660007520025,195,0.09535187506733073,-0.04998321696763557,49968.055954608775
507,149.72010699639355,149.72010699639355,0.008629272877512084,0.0,5.263660007520025,195,0.09536880869266394,-0.05373116580324991,50091.06622179818
508,152.39626591500254,152.39626591500254,0.017716543403044162,0.0,5.263660007520025,195,0.09552989567173094,-0.019485209570785703,50276.562221699205
509,152.0690127032755,152.0690127032755,-0.002149692334290307,0.0,5.263660007520025,195,0.09545288079439859,-0.09095475036613729,50224.73916345002
510,148.1944627764187,148.1944627764187,-0.025809099766112488,0.0,5.263660007520025,195,0.09781911486727675,-0.03445059717591508,49862.05181654656
511,146.37479067035275,146.37479067035275,-0.012354957156573433,0.0,5.263660007520025,195,0.09781126464487905,-0.012282465152547077,49792.09348733125
512,146.80813098306044,146.80813098306044,0.0029561109892020333,0.0,5.263660007520025,195,0.09780063159117015,-0.006734337850541555,49801.84250730392
513,146.75175390554728,146.75175390554728,-0.00038409252154909205,0.0,5.263660007520025,195,0.09772478396005436,0.0001648196216630393,49764.81422128004
514,148.1952391659631,148.1952391659631,0.009788177666788701,0.0,5.263660007520025,195,0.09677259270846189,-0.007703323348635116,49896.88857692399
515,150.09729979462745,150.09729979462745,0.012753161141599067,0.0,5.263660007520025,195,0.09679045184509191,0.0048896282255446715,49963.80755538757
516,150.53638514070786,150.53638514070786,0.0029210676001777207,0.0,5.263660007520025,195,0.09677399432601284,0.008591883963366057,49972.10239267741
517,149.20323257810318,149.20323257810318,-0.008895463093518166,0.0,5.263660007520025,195,0.09630347417707119,0.019889207094985997,49757.729234769744
518,151.3900868523475,151.3900868523475,0.014550508714959892,0.0,5.263660007520025,195,0.09496362403991059,0.03208357753291064,49958.61624747542
519,155.26849027270734,155.26849027270734,0.025295951383988415,0.0,5.263660007520025,195,0.09479938250057902,0.04416250310946781,50144.313840959134
520,151.7730197279038,151.7730197279038,-0.022769700195111493,0.0,5.263660007520025,195,0.0944298667693222,0.010310241748842389,49734.3223368038
521,156.03277867851855,156.03277867851855,0.027679991399701905,0.0,5.263660007520025,195,0.0946105758111432,-0.04061397606065307,50208.62089393197
522,158.05185189925095,158.05185189925095,0.012857050854779319,0.0,5.263660007520025,195,0.09416917058467478,-0.027593531714189684,50357.53403127486
523,151.51914894483204,151.51914894483204,-0.04221114312872755,0.0,5.263660007520025,195,0.09545764171642279,-0.04151980272745831,49970.49428740983
524,155.25547225477044,155.25547225477044,0.02435995557261397,0.0,5.263660007520025,195,0.09702160515714614,-0.08659227113832164,50444.11252692993
525,157.34838931329023,157.34838931329023,0.013390418916616843,0.0,5.263660007520025,195,0.09610010869712018,-0.0824217089252554,50662.20990500156
526,157.33446707196012,157.33446707196012,-8.848426952212249e-05,0.0,5.263660007520025,195,0.09614633625349382,-0.11293218650705743,50640.986901408825
527,157.29065865985268,157.29065865985268,-0.0002784800628281753,0.0,5.263660007520025,195,0.09615745786655819,-0.10548796414560412,50614.93616520966
528,158.86179785104406,158.86179785104406,0.009939205550548646,0.0,5.263660007520025,195,0.09553565121958926,-0.10893198246502964,50770.51758125883
529,159.3416784087578,159.3416784087578,0.0030161890571376512,0.0,5.263660007520025,195,0.09544085668944306,-0.10893354969199039,50797.8121050607
530,159.4388768410295,159.4388768410295,0.0006098140785761646,0.0,5.263660007520025,195,0.09548845716919467,-0.10966387171115123,50793.664781537795
531,160.51705064819504,160.51705064819504,0.006739540015006456,0.0,5.263660007520025,195,0.09529471883328396,-0.10702427312282761,50887.48429916546
532,161.4646966823671,161.4646966823671,0.005886350877253457,0.0,5.263660007520025,195,0.09515480053148842,-0.12417725793721959,50958.88188196999
533,163.59039331280425,163.59039331280425,0.013079179489619414,0.0,5.263660007520025,195,0.09586844393422299,-0.1449216395141787,51140.55730792718
534,164.9944082445784,164.9944082445784,0.008545882036878795,0.0,5.263660007520025,195,0.09588260754559451,-0.14300548422166134,51258.6369831538
535,165.27062265931946,165.27062265931946,0.0016726837739139129,0.0,5.263660007520025,195,0.09593874979238232,-0.14416038291178737,51278.26343504253
536,163.49632633706207,163.49632633706207,-0.010793746475029054,0.0,5.263660007520025,195,0.09586610018951988,-0.12914435021313592,51107.33843268541
537,159.7961330844375,159.7961330844375,-0.022891686629375248,0.0,5.263660007520025,195,0.0952872152802422,-0.1114243934026611,50761.851536728995
538,165.9640319754619,165.9640319754619,0.037872255463509086,0.0,5.263660007520025,195,0.09263163074576818,-0.16327703423064513,51313.13206127485
539,160.00892236062336,160.00892236062336,-0.036541511599615314,0.0,5.263660007520025,195,0.09242433942261291,-0.203829800545356,51126.12308338943
540,159.81527336241749,159.81527336241749,-0.0012109716804435502,0.0,5.263660007520025,195,0.09247426190605645,-0.19113101271782415,51106.45513343295
541,160.93135399234157,160.93135399234157,0.006959294590911349,0.0,5.263660007520025,195,0.0927592829569123,-0.19724758398365985,51222.02617881192
542,161.86800169992782,161.86800169992782,0.00580329743408703,0.0,5.263660007520025,195,0.09253513787947769,-0.18080082362941238,51298.80656309961
543,154.3789206239394,154.3789206239394,-0.047371094963468745,0.0,5.263660007520025,195,0.09224868482790045,-0.1690497252955115,51045.418834495424
544,154.10333515002898,154.10333515002898,-0.0017867189575172687,0.0,5.263660007520025,195,0.09226523440846172,-0.1573389836710955,51018.83250495646
545,157.42621936903308,157.42621936903308,0.02133351520235495,0.0,5.263660007520025,195,0.09320322806597899,-0.16513429421848677,51429.873448324826
546,157.69236744003967,157.69236744003967,0.0016891935000512307,0.0,5.263660007520025,195,0.0931850676300826,-0.1993689829623728,51442.54832945615
547,156.4636295931232,156.4636295931232,-0.007822509353457826,0.0,5.263660007520025,195,0.09318611774277918,-0.21958927152405863,51399.660013205226
548,154.80433020606452,154.80433020606452,-0.010661650533658298,0.0,5.263660007520025,195,0.09356840314013114,-0.2783946964735333,51295.489499753676
549,153.15361137178346,153.15361137178346,-0.010720520052127001,0.0,5.263660007520025,195,0.0931220720759315,-0.24549428365610698,51040.2741510326
550,142.43758327529773,142.43758327529773,-0.07253752196944942,0.0,5.263660007520025,195,0.09946785111675578,-0.14297414008087586,50005.71467533578
551,139.74228991074582,139.74228991074582,-0.019103951721956586,0.0,5.263660007520025,195,0.09992358887857575,-0.07649183744921118,49906.77068936709
552,135.60702585226682,135.60702585226682,-0.030038752694394072,0.0,5.263660007520025,195,0.10124265037452572,-0.050728447343463975,49630.37734975575
553,129.99926929064543,129.99926929064543,-0.042232357635262306,0.0,5.263660007520025,195,0.09901987730275265,-3.184570543610068e-06,48854.00155671497
554,131.19395587557494,131.19395587557494,0.009147977828695912,0.0,5.263660007520025,195,0.09818399030012959,-0.024618784159209206,48969.3935603881
555,131.8666146260196,131.8666146260196,0.005114109007118774,0.0,5.263660007520025,195,0.09800050712859623,-0.017023596345896584,49000.253229132555
556,136.7837230374836,136.7837230374836,0.036610098030798184,0.0,5.263660007520025,195,0.09817205028956277,-0.00785432905988113,49623.5824012117
557,139.06247090936063,139.06247090936063,0.016522248704213777,0.0,5.263660007520025,195,0.0985586133841764,0.016669292194127588,49868.55640389974
558,143.12053221708405,143.12053221708405,0.0287638947013488,0.0,5.263660007520025,195,0.09887160840137524,0.038147538717755905,50187.43325381349
559,137.57862142097366,137.57862142097366,-0.039491612022454416,0.0,5.263660007520025,195,0.10289969938478714,-0.0035650267731138106,49632.03904864971
560,135.82653805683796,135.82653805683796,-0.012816929662306478,0.0,5.263660007520025,195,0.10316960445038538,0.009719121312560112,49544.97137369516
561,137.2332061129073,137.2332061129073,0.010303096883956295,0.0,5.263660007520025,195,0.10375384072535473,0.026439460236215857,49713.004421017664
562,135.4566323529329,135.4566323529329,-0.013030180415123117,0.0,5.263660007520025,195,0.10286770529304333,0.03511891399843925,49494.32124438964
563,134.5419820037303,134.5419820037303,-0.006775248459856921,0.0,5.263660007520025,195,0.10284599926713378,0.041935084166136644,49401.35415540796
564,134.57616861710514,134.57616861710514,0.0002540639750969227,0.0,5.263660007520025,195,0.10294533393078847,0.04665362415173562,49394.10449386174
565,132.2599971140752,132.2599971140752,-0.017360687743655474,0.0,5.263660007520025,195,0.10323196728179111,0.039075549023391165,49296.71985626214
566,136.652766863162,136.652766863162,0.03267349955211926,0.0,5.263660007520025,195,0.10246166482643025,0.015566774107991729,49703.693044692416
567,135.08126569691595,135.08126569691595,-0.011566594524948685,0.0,5.263660007520025,195,0.10197661626203461,-0.004350889031899753,49603.402478413394
568,137.1437532145082,137.1437532145082,0.015153103787413075,0.0,5.263660007520025,195,0.10253641466211713,-0.010148901067585338,49807.93059372669
569,134.7885229434171,134.7885229434171,-0.01732261575684684,0.0,5.263660007520025,195,0.10220222105307468,-0.01969996496418726,49635.721312223664
570,131.39055525728872,131.39055525728872,-0.02553282781539932,0.0,5.263660007520025,195,0.10280231489420263,-0.015590674467427245,49346.19747494584
571,133.56398697222326,133.56398697222326,0.016406440505188937,0.0,5.263660007520025,195,0.10367266495532522,-0.02927620225654703,49626.28273901009
572,137.87473374770886,137.87473374770886,0.03176488028422146,0.0,5.263660007520025,195,0.0999980245072058,-0.007645586473798979,50068.33148732295
573,131.43669130380638,131.43669130380638,-0.04782024571941529,0.0,5.263660007520025,195,0.10050005846504333,-0.05703662731252831,49831.94354662249
574,130.22652192449706,130.22652192449706,-0.009249890291580605,0.0,5.263660007520025,195,0.10136692531093597,-0.05194163400981807,49734.23449155792
575,131.80910960694146,131.80910960694146,0.012079326129133034,0.0,5.263660007520025,195,0.10193195871936617,-0.05768484190462436,49963.75564870093
576,133.59814981609117,133.59814981609117,0.01348167574838577,0.0,5.263660007520025,195,0.10106481455118067,-0.049050650657736984,50197.798255783135
577,133.31716619413405,133.31716619413405,-0.0021054147806267463,0.0,5.263660007520025,195,0.10124268933143489,-0.04548237932421473,50138.66516034957
578,132.1807780646226,132.1807780646226,-0.008560481117043287,0.0,5.263660007520025,195,0.10092131391645018,-0.0607655355519768,49951.4471785626
579,135.26337293679055,135.26337293679055,0.02305327209959853,0.0,5.263660007520025,195,0.09846017398622221,-0.04783285491460056,50261.766455703546
580,132.2449553680095,132.2449553680095,-0.022567863181079704,0.0,5.263660007520025,195,0.09869484535564171,-0.044601642172041094,50168.14575636952
581,131.53937586744675,131.53937586744675,-0.005349682295468632,0.0,5.263660007520025,195,0.099205730861681,-0.05992842461717861,50101.04837160061
582,130.8650161448626,130.8650161448626,-0.005139862195333115,0.0,5.263660007520025,195,0.09975649381302736,-0.039134369736473086,50020.49015648827
583,132.07566735488692,132.07566735488692,0.009208615030771684,0.0,5.263660007520025,195,0.1004562963585342,-0.004263557502882633,50204.59603308755
584,129.44316961900512,129.44316961900512,-0.020133055707302876,0.0,5.263660007520025,195,0.10306786142855043,-0.02789854480682078,49880.35644211865
585,130.4594245731543,130.4594245731543,0.007820315426936078,0.0,5.263660007520025,195,0.10298737008340073,-0.036581281043130714,49919.682954930264
586,128.83243955979083,128.83243955979083,-0.012549613710023066,0.0,5.263660007520025,195,0.1042854107712452,-0.04055925235198058,49767.338640258604
587,131.81397170616785,131.81397170616785,0.02287898143027199,0.0,5.263660007520025,195,0.1027589943070092,-0.049327711263744044,50085.31221769695
588,133.24777500292245,133.24777500292245,0.010818741666863958,0.0,5.263660007520025,195,0.10344082194139871,-0.039467755743916755,50257.00116424851
589,131.8558856988837,131.8558856988837,-0.010500813834828851,0.0,5.263660007520025,195,0.10434695405348972,-0.04392123220841941,50072.01280481643
590,127.84666467836179,127.84666467836179,-0.03087793753243772,0.0,5.263660007520025,195,0.1074975893135893,-0.03736020546435813,49500.19307981899
591,125.27912550735326,125.27912550735326,-0.020287361712157146,0.0,5.263660007520025,195,0.10595314955600019,-0.025470208521625723,49114.11537018253
592,124.00276340016026,124.00276340016026,-0.01024040107095785,0.0,5.263660007520025,195,0.10732309637999105,-0.0283010383318007,48968.86258676425
593,121.89214561867713,121.89214561867713,-0.017167249419253627,0.0,5.263660007520025,195,0.10769413234778004,-0.0342053085763461,48869.469788639275
594,125.68940852853878,125.68940852853878,0.030677250707347427,0.0,5.263660007520025,195,0.10696317063539382,-0.05013993094336273,49212.76682062773
595,126.05575137220958,126.05575137220958,0.0029104281679955507,0.0,5.263660007520025,195,0.1071667455494052,-0.04013924903822541,49244.283676673746
596,125.78183668792751,125.78183668792751,-0.0021753289046877403,0.0,5.263660007520025,195,0.10747696625783813,-0.04355583316292268,49206.55548660404
597,126.76103650225025,126.76103650225025,0.007754760283432424,0.0,5.263660007520025,195,0.10717729660981272,-0.016444879527562413,49281.004132957176
598,125.3979135909791,125.3979135909791,-0.01081172164677939,0.0,5.263660007520025,195,0.10634487357363606,0.027754332172395462,49047.598536249854
599,126.37014542444328,126.37014542444328,0.007723272522955045,0.0,5.263660007520025,195,0.10550004010201848,0.029127575773728515,49140.165875767634
600,129.77667803048183,129.77667803048183,0.02659984938296427,0.0,5.256728535714426,194,0.10480701132307119,0.03996298921919485,49382.7330841015
601,132.3558202535615,132.3558202535615,0.019678791996708744,0.0,5.256728535714426,194,0.10635265217481711,0.06043806730830974,49787.11403905357
602,131.97291053008877,131.97291053008877,-0.00289722566427169,0.0,5.256728535714426,194,0.1066761250189365,0.07507549846287141,49748.007957756985
603,134.17896237212898,134.17896237212898,0.016577770732724588,0.0,5.256728535714426,194,0.10513755261967275,0.08083116132410371,49951.198776682104
604,135.9814251231518,135.9814251231518,0.013343847430314635,0.0,5.256728535714426,194,0.10638484115082968,0.09075941901540523,50209.66365934088
605,132.20434271032275,132.20434271032275,-0.028169520004697836,0.0,5.256728535714426,194,0.11006918900848477,0.07162598069815847,49796.70200379714
606,133.30236547619097,133.30236547619097,0.008271196108387611,0.0,5.256728535714426,194,0.10996275821034648,0.06187046388794359,49842.23398097612
607,130.0268295013924,130.0268295013924,-0.024879162593082153,0.0,5.256728535714426,194,0.11032293460298766,0.05078990246621255,49542.346192706515
608,131.93016500552537,131.93016500552537,0.014531919658074268,0.0,5.256728535714426,194,0.11161726139999908,0.034394053118483196,49766.15780048564
609,132.30391852233504,132.30391852233504,0.0028289595428596685,0.0,5.256728535714426,194,0.1114286166805347,0.0171181522909162,49813.1551699545
610,127.44035400699332,127.44035400699332,-0.037453245712286316,0.0,5.256728535714426,194,0.11417916866077805,-0.03792039812947455,49167.692430760675
611,130.19380457548257,130.19380457548257,0.02137570130606695,0.0,5.256728535714426,194,0.11585085753923052,-0.09230932253819026,49509.79826825994
612,128.6711706678595,128.6711706678595,-0.011764059361983365,0.0,5.256728535714426,194,0.11765147802827323,-0.1557307757911179,49347.07484602456
613,125.52485671865105,125.52485671865105,-0.02475628491122757,0.0,5.256728535714426,194,0.11809176761061287,-0.13427084946140008,49241.771460074735
614,124.96774978742528,124.96774978742528,-0.004448098149905272,0.0,5.256728535714426,194,0.11821047921318922,-0.1332408995431699,49209.2176473579
615,126.61158708723296,126.61158708723296,0.013068328383979458,0.0,5.256728535714426,194,0.11959232226008702,-0.14402842238505875,49473.45051449353
616,130.05752419484176,130.05752419484176,0.026852815693025375,0.0,5.256728535714426,194,0.11537114914639052,-0.16043425333071357,49849.740462859394
617,130.2979454697275,130.2979454697275,0.0018468699239067574,0.0,5.256728535714426,194,0.11530675364604101,-0.18328291551809897,49860.47596893214
618,124.90855444147338,124.90855444147338,-0.042241811204227236,0.0,5.256728535714426,194,0.11734788554340503,-0.13157679153150997,49564.32883770435
619,123.87281636551562,123.87281636551562,-0.00832654034084497,0.0,5.256728535714426,194,0.11624098762159875,-0.14833864393270077,49340.97718526729
620,121.54490670805039,121.54490670805039,-0.01897156773957269,0.0,5.256728535714426,194,0.11893050386344163,-0.1355925369132498,49076.72090982472
621,118.12897199709673,118.12897199709673,-0.02850678640897144,0.0,5.256728535714426,194,0.12106935073206966,-0.10527120000338955,48798.04400899026
622,118.20071124449993,118.20071124449993,0.0006071116300135647,0.0,5.256728535714426,194,0.12113492861640336,-0.11170423439978001,48798.254359257044
623,119.97717207914323,119.97717207914323,0.014917369760861702,0.0,5.256728535714426,194,0.1208408751988727,-0.10763148116476094,49058.3906504727
624,117.8276646796999,117.8276646796999,-0.018078403886245747,0.0,5.256728535714426,194,0.12102918649430976,-0.1169366213030253,48802.842332023334
625,120.71365229031187,120.71365229031187,0.024198142863438063,0.0,5.256728535714426,194,0.12065957911001521,-0.10929000307082665,49129.1315302344
626,121.42607327060733,121.42607327060733,0.005884396162931912,0.0,5.256728535714426,194,0.12112710081419083,-0.09080077451010073,49193.59265007006
627,124.50586734403069,124.50586734403069,0.025047214903764745,0.0,5.256728535714426,194,0.11752585672487231,-0.07117250208342817,49519.301771556115
628,123.70493267366244,123.70493267366244,-0.006453687351439592,0.0,5.256728535714426,194,0.11771024486328344,-0.06614186562821955,49485.97301685867
629,126.0553053684225,126.0553053684225,0.018821587440485895,0.0,5.256728535714426,194,0.11715964726902592,-0.08793363144453915,49580.90974823107
630,129.93656525158352,129.93656525158352,0.03032562961670415,0.0,5.256728535714426,194,0.12062587860919755,-0.040019778171140157,50222.51587775724
631,128.87811855317082,128.87811855317082,-0.008179231438272486,0.0,5.256728535714426,194,0.12196422393284946,-0.07608331877125664,50107.91038602853
632,130.95383446470646,130.95383446470646,0.01597771210118544,0.0,5.256728535714426,194,0.12069235628702392,-0.01338425628035972,50247.37138007026
633,129.45709193257167,129.45709193257167,-0.011495362616729921,0.0,5.256728535714426,194,0.11969115748496181,-0.04617863257005859,49979.28551707327
634,131.24064396431274,131.24064396431274,0.013683125041943335,0.0,5.256728535714426,194,0.11928133578447297,-0.048220302477246624,50224.10326466675
635,131.34889160776186,131.34889160776186,0.0008244627825321571,0.0,5.256728535714426,194,0.11930661532017438,-0.05659353801378142,50235.028097538205
636,129.58759354446815,129.58759354446815,-0.013500027119677863,0.0,5.256728535714426,194,0.11901107087419123,-0.0560942865298209,50010.623544029666
637,125.29711747814449,125.29711747814449,-0.03366919383785844,0.0,5.256728535714426,194,0.11696903421822355,-0.03239854168656951,49536.537687765405
638,126.98179078799126,126.98179078799126,0.01335583988216322,0.0,5.256728535714426,194,0.11530913314255033,-0.045921933299408815,49710.34515818451
639,126.5419796125175,126.5419796125175,-0.003469588796225982,0.0,5.256728535714426,194,0.1154899361574008,-0.02323429839623668,49674.62528037803
640,127.53186880739534,127.53186880739534,0.007792177035969421,0.0,5.256728535714426,194,0.1159455332851751,-0.03010013262538859,49814.880501246014
641,123.84933861371337,123.84933861371337,-0.02930046909558843,0.0,5.256728535714426,194,0.11512755694343405,-0.041642097107734276,49278.611949127146
642,123.3915896691809,123.3915896691809,-0.00370286158311069,0.0,5.256728535714426,194,0.11511413817801054,-0.035829748424238014,49214.97650024118
643,119.62767635827907,119.62767635827907,-0.030978731693855635,0.0,5.256728535714426,194,0.11990737125195652,-0.02116108472361275,48779.85564977808
644,119.77690695013068,119.77690695013068,0.0012466813217805884,0.0,5.256728535714426,194,0.11987033228801541,-0.01733514849060899,48785.953905086506
645,120.15527404498302,120.15527404498302,0.00315395297897125,0.0,5.256728535714426,194,0.11974450676755259,-0.011885615692361084,48792.8200759695
646,122.8151343662954,122.8151343662954,0.02189539541975291,0.0,5.256728535714426,194,0.12208026083012741,0.0064963067518697465,49257.77081250577
647,120.90443697667943,120.90443697667943,-0.015679795638023575,0.0,5.256728535714426,194,0.12490195911792282,-0.024021410109223682,49030.00355596096
648,116.19507084320682,116.19507084320682,-0.03973003258197494,0.0,5.256728535714426,194,0.12660827310405082,0.0070034842127221966,48838.36048908309
649,115.6432806062571,115.6432806062571,-0.004760138048027661,0.0,5.256728535714426,194,0.127248014559084,0.0003886117793094742,48785.11633248681
650,118.49723163656677,118.49723163656677,0.024379312709258923,0.0,5.256728535714426,194,0.12895124123768997,-0.02858190357811127,49275.68486973999
651,116.00225422465795,116.00225422465795,-0.02127997469682442,0.0,5.256728535714426,194,0.13064661911016695,-0.05982869709857317,48934.729964824284
652,116.41179311461124,116.41179311461124,0.003524221694163421,0.0,5.256728535714426,194,0.13054832883581755,-0.07120561584070001,48978.22713053177
653,115.68965209912805,115.68965209912805,-0.006222652728505733,0.0,5.256728535714426,194,0.13028492399959912,-0.04921654689468315,48894.18291864641
654,116.27450355522774,116.27450355522774,0.005042612672175681,0.0,5.256728535714426,194,0.1299091717257972,-0.05961872578909046,48957.12973124854
655,117.58845085410212,117.58845085410212,0.011237018092390447,0.0,5.256728535714426,194,0.1293611366338975,-0.05518380573537481,49128.2468660374
656,115.80882208490277,115.80882208490277,-0.015250077574453432,0.0,5.256728535714426,194,0.12863085261867344,-0.06267637151601733,48877.17411992709
657,114.6951669274907,114.6951669274907,-0.009662859436094117,0.0,5.256728535714426,194,0.13029336816352433,-0.053106615996297506,48734.10708900878
658,113.47335740003463,113.47335740003463,-0.010709813805465892,0.0,5.256728535714426,194,0.13110203099691445,-0.045537400403546716,48638.67072221945
659,112.53448822808512,112.53448822808512,-0.008308336111585345,0.0,5.256728535714426,194,0.1316230426118148,-0.05598205509180582,48498.643496189754
660,112.4537262407511,112.4537262407511,-0.0007179219675439433,0.0,5.256728535714426,194,0.13158647385249164,-0.0906431394612238,48480.128463844245
661,112.0224887873541,112.0224887873541,-0.0038421708406545657,0.0,5.256728535714426,194,0.13194825614286362,-0.09292709515967298,48411.189969451625
662,113.59340564410049,113.59340564410049,0.013925811811419072,0.0,5.256728535714426,194,0.13129063225595547,-0.09215221244946252,48656.888641016696
663,113.1406154626616,113.1406154626616,-0.0039940259617570525,0.0,5.256728535714426,194,0.13094980484936034,-0.11135015521302916,48586.022616835784
664,111.26206688858859,111.26206688858859,-0.01674304815425189,0.0,5.256728535714426,194,0.13398600593865384,-0.08958244996195501,48350.570787506
665,110.65269845036755,110.65269845036755,-0.00549192811843986,0.0,5.256728535714426,194,0.13414422226650835,-0.07588283650960226,48329.91201098632
666,106.34312552857091,106.34312552857091,-0.039725553973001315,0.0,5.256728535714426,194,0.14121481782386494,-0.05392626989831579,47810.42588884041
667,106.50954772394486,106.50954772394486,0.0015637316341204836,0.0,5.256728535714426,194,0.14124473921655714,-0.04519202358378308,47809.984322505734
668,105.68772960524126,105.68772960524126,-0.007745831972879172,0.0,5.256728535714426,194,0.1427965632825594,-0.053250141452873295,47708.39798228818
669,102.72833830019503,102.72833830019503,-0.028400787460397803,0.0,5.256728535714426,194,0.14317814406456797,-0.034812560756283445,47642.483195472036
670,102.94952202430702,102.94952202430702,0.0021507789805530857,0.0,5.256728535714426,194,0.1430297282002206,0.00024883903771474717,47654.26176278599
671,102.41238201059167,102.41238201059167,-0.00523116730093748,0.0,5.256728535714426,194,0.1431424603708057,0.010672534278460186,47641.81763486287
672,101.69475204643983,101.69475204643983,-0.007031923941081135,0.0,5.256728535714426,194,0.1443059712144802,0.0018066052846765534,47565.00220260903
673,101.4719801011982,101.4719801011982,-0.00219299717199748,0.0,5.256728535714426,194,0.14438162480489847,0.00045119583597545617,47558.06429212483
674,101.77854974745719,101.77854974745719,0.00301666990956252,0.0,5.256728535714426,194,0.14426318518784126,0.0019209396987326392,47558.574633907934
675,102.8013716107316,102.8013716107316,0.009999323284823669,0.0,5.256728535714426,194,0.14549025495365372,-0.021852482091271337,47768.77637459108
676,102.62536714650975,102.62536714650975,-0.0017135501284084292,0.0,5.256728535714426,194,0.1458497918399402,-0.03244901290724108,47743.241786440194
677,105.70596189742515,105.70596189742515,0.029576149914209048,0.0,5.256728535714426,194,0.142368994970463,-0.014467283303664934,48031.74597944694
678,105.64154849992624,105.64154849992624,-0.0006095496405159101,0.0,5.256728535714426,194,0.14216023025600652,-0.023499444184643684,47989.58590495889
679,103.75482610217934,103.75482610217934,-0.018021070917729524,0.0,5.256728535714426,194,0.14470309616281155,-0.030538432505566485,47729.767530736586
680,104.44814839428815,104.44814839428815,0.00666008597213426,0.0,5.256728535714426,194,0.14442503051790187,-0.06639023656511919,47828.41688526358
681,103.5529486111129,103.5529486111129,-0.008607697972301513,0.0,5.256728535714426,194,0.14358172649495793,-0.06800282521616266,47700.78036126155
682,102.86659839952883,102.86659839952883,-0.006650075062391689,0.0,5.256728535714426,194,0.14292138136420832,-0.0693629837578572,47578.08734910583
683,105.05657344971809,105.05657344971809,0.02106601220506847,0.0,5.256728535714426,194,0.14358509050541857,-0.05742339945380275,47823.53865644467
684,103.1373927006003,103.1373927006003,-0.01843699074196681,0.0,5.256728535714426,194,0.14544533736760396,-0.05475769510050395,47625.19566846438
685,101.21654079868966,101.21654079868966,-0.01879981895220778,0.0,5.256728535714426,194,0.14330879953726475,-0.05444915381249271,47234.67798052016
686,102.25232405281321,102.25232405281321,0.010181333662687433,0.0,5.256728535714426,194,0.1442899077927282,-0.08353544144429166,47419.637916305655
687,104.74803822907869,104.74803822907869,0.02411430671604368,0.0,5.256728535714426,194,0.1447643965003266,-0.05433135551341857,47542.391802650345
688,106.9210468482077,106.9210468482077,0.020532851667711956,0.0,5.256728535714426,194,0.14382170124480298,-0.007256162784935258,47709.615078837414
689,103.5544822595883,103.5544822595883,-0.03199280932160695,0.0,5.256728535714426,194,0.1397530174715131,-0.09469275532706825,47033.76269926115
690,104.93468316301654,104.93468316301654,0.013240218630990735,0.0,5.256728535714426,194,0.14102551791348014,-0.12068748407766884,47250.0056895808
691,106.22094302550984,106.22094302550984,0.012183201515179258,0.0,5.256728535714426,194,0.14100918145602376,-0.0959030232312493,47344.95097511121
692,106.05219613889636,106.05219613889636,-0.0015899036762180457,0.0,5.256728535714426,194,0.14123490688354107,-0.08636384556694128,47321.62379100459
693,109.71071698810582,109.71071698810582,0.0339156667915926,0.0,5.256728535714426,194,0.14304293294798326,-0.06648860663272188,47811.17823137785
694,113.44455923671009,113.44455923671009,0.03346719659765703,0.0,5.256728535714426,194,0.1446544932701371,0.010143754321938772,48091.443558274295
695,114.61830589302203,114.61830589302203,0.010293276101576085,0.0,5.256728535714426,194,0.14541497041244442,0.03782072904680807,48258.083392606495
696,113.13177905654737,113.13177905654737,-0.013054203224020304,0.0,5.256728535714426,194,0.14694958130232788,0.010235491718466655,48078.758290675694
697,117.65255203746152,117.65255203746152,0.03918248112785466,0.0,5.256728535714426,194,0.14308932825647075,0.011112372227884564,48576.48554566812
698,115.82550452916904,115.82550452916904,-0.015651019460130956,0.0,5.256728535714426,194,0.14132018780028804,-0.019365560554155645,48235.59537678554
699,118.51859965850558,118.51859965850558,0.02298512014778944,0.0,5.256728535714426,194,0.13813366441989072,-0.03595270062966145,48488.59905853834
700,121.60864141782824,121.60864141782824,0.02573812389657482,0.0,5.249797063908827,193,0.13489725760180224,0.010784471978805082,48782.10016233691
701,118.47913405728382,118.47913405728382,-0.026071170132653008,0.0,5.249797063908827,193,0.13248793094378283,-0.02810695791390065,48235.846956472116
702,120.66249921679767,120.66249921679767,0.018260524518065216,0.0,5.249797063908827,193,0.13200897990859353,-0.057195721736176264,48520.26336649423
703,119.27639880395132,119.27639880395132,-0.011553906796915024,0.0,5.249797063908827,193,0.13192369969065926,-0.06857467108810855,48342.3899177132
704,123.20583731150266,123.20583731150266,0.03241295186520256,0.0,5.249797063908827,193,0.1341114065454619,-0.08385017030781401,48794.7805734203
705,123.25136454038291,123.25136454038291,0.0003694534309081974,0.0,5.249797063908827,193,0.13412584723887724,-0.08698423086405799,48797.01096081518
706,120.76751159227993,120.76751159227993,-0.020358578626742587,0.0,5.249797063908827,193,0.1339977560934799,-0.06999736839828012,48530.33744907051
707,120.50851672071677,120.50851672071677,-0.0021468769429884597,0.0,5.249797063908827,193,0.1337351478019724,-0.10050974582969242,48477.89424152241
708,119.23717479698558,119.23717479698558,-0.010605853500929291,0.0,5.249797063908827,193,0.13551517277299052,-0.1189530531177982,48348.94053742177
709,118.53379757338678,118.53379757338678,-0.005916443612563442,0.0,5.249797063908827,193,0.13569332284578697,-0.10818783737338902,48329.134445941745
710,116.35281492121963,116.35281492121963,-0.018571048479798468,0.0,5.249797063908827,193,0.13838905880342234,-0.07407738193836506,48136.738408231315
711,116.95687992502032,116.95687992502032,0.005178236197925523,0.0,5.249797063908827,193,0.13805524728033203,-0.07743856504549312,48158.74715561946
712,112.55080200707518,112.55080200707518,-0.03840062610586444,0.0,5.249797063908827,193,0.13583720879559896,-0.08056907199027541,47371.591739008014
713,113.80057124175435,113.80057124175435,0.011042848266586643,0.0,5.249797063908827,193,0.13432153483344134,-0.10155303181175662,47494.71838939949
714,117.55196919560609,117.55196919560609,0.0324329854500999,0.0,5.249797063908827,193,0.13210067037977358,-0.08058348361240468,47733.16431166597
715,116.4205812230541,116.4205812230541,-0.009671192530281475,0.0,5.249797063908827,193,0.13130525977158483,-0.08798763678417894,47512.31353933942
716,110.42076826081062,110.42076826081062,-0.052911099843112396,0.0,5.249797063908827,193,0.13912250250015654,-0.061591262805825706,46962.56178505347
717,111.77281108573109,111.77281108573109,0.0121701042541926,0.0,5.249797063908827,193,0.1385759978059393,-0.09538571126416487,47007.433750142205
718,114.77503218518436,114.77503218518436,0.026505631845460145,0.0,5.249797063908827,193,0.14034721027515606,-0.08232361596256939,47470.16920436463
719,115.40720949937734,115.40720949937734,0.005492855565588657,0.0,5.249797063908827,193,0.13981652690180166,-0.07690525221560528,47542.78803091702
720,116.73099899835633,116.73099899835633,0.011405307704475644,0.0,5.249797063908827,193,0.13887615522230035,-0.07438653981091888,47684.38893176674
721,116.83244397978441,116.83244397978441,0.0008686717965251253,0.0,5.249797063908827,193,0.13889152802488355,-0.07175844677830141,47677.011950863154
722,115.03204120219104,115.03204120219104,-0.01553009691602141,0.0,5.249797063908827,193,0.14123855110699368,-0.0691807905789522,47484.67572032313
723,117.29639123940599,117.29639123940599,0.019493281258085103,0.0,5.249797063908827,193,0.14092373987828322,-0.08433176906718509,47563.0545364786
724,118.98897449713833,118.98897449713833,0.014326847570866826,0.0,5.249797063908827,193,0.1406174993164047,-0.0788047048263808,47615.7609180329
725,120.88605626620378,120.88605626620378,0.015817580649085568,0.0,5.249797063908827,193,0.14220113832033934,-0.08216753699808972,47948.48199712082
726,120.26371765516046,120.26371765516046,-0.00516143956959411,0.0,5.249797063908827,193,0.1431464646666045,-0.09362498196305627,47885.283867317085
727,118.78946046006527,118.78946046006527,-0.01233429228720252,0.0,5.249797063908827,193,0.14435305526616954,-0.08822448318856595,47782.571771064584
728,115.34874994337609,115.34874994337609,-0.029392538841026408,0.0,5.249797063908827,193,0.1420291430703,-0.07768439955674009,47090.7054577651
729,116.95843602468321,116.95843602468321,0.013858476544235781,0.0,5.249797063908827,193,0.14002993164314798,-0.09744762670987801,47241.70582898518
730,119.06336350337467,119.06336350337467,0.017837193786422265,0.0,5.249797063908827,193,0.13787873040759252,-0.08839933695081716,47413.965136510844
731,116.14523287617483,116.14523287617483,-0.024814402264793613,0.0,5.249797063908827,193,0.1352621107912875,-0.1067128957559218,46855.79783197636
732,113.60815666924809,113.60815666924809,-0.02208611017635808,0.0,5.249797063908827,193,0.13831595884583067,-0.07865265871739618,46608.93593424177
733,112.87519681736029,112.87519681736029,-0.006472549964326039,0.0,5.249797063908827,193,0.13922713651660187,-0.06992898437510273,46526.094517334066
734,113.70443297912236,113.70443297912236,0.0073196329682204565,0.0,5.249797063908827,193,0.13975759341862054,-0.072157870943806,46659.49770532908
735,117.18069326616073,117.18069326616073,0.03011474196977432,0.0,5.249797063908827,193,0.1358332161675858,-0.06250792783215652,47048.73912746016
736,119.76988163879494,119.76988163879494,0.021855118372409853,0.0,5.249797063908827,193,0.13330633827723623,-0.03496458371120238,47321.55203584669
737,116.51194156920158,116.51194156920158,-0.027578478228793668,0.0,5.249797063908827,193,0.1312389249239316,-0.05546277564939739,46746.59935557359
738,113.05172354086942,113.05172354086942,-0.03014832605674974,0.0,5.249797063908827,193,0.1341375947310125,-0.019081993654366167,46358.378005287865
739,111.14372064179992,111.14372064179992,-0.017021300072295378,0.0,5.249797063908827,193,0.1360374815434801,0.00673534615891489,46128.01684133745
740,108.90200009276616,108.90200009276616,-0.020375748268577017,0.0,5.249797063908827,193,0.13449486072691094,0.023492122956000994,45702.15851968796
741,108.490901715856,108.490901715856,-0.0037820817839407063,0.0,5.249797063908827,193,0.1347603658177817,0.024485716197896183,45639.64931941461
742,110.32475019924631,110.32475019924631,0.01676197661579073,0.0,5.249797063908827,193,0.13372851723729207,0.02741768432882224,45881.231276498685
743,108.97083127163815,108.97083127163815,-0.0123480475222897,0.0,5.249797063908827,193,0.13297921100933888,0.03444167664797857,45683.73801029032
744,106.87289387273978,106.87289387273978,-0.01944002279572161,0.0,5.249797063908827,193,0.13377664398742958,0.03025382940268057,45384.70343767856
745,104.633601148958,104.633601148958,-0.021175485869176502,0.0,5.249797063908827,193,0.13449411054157123,0.053624251319509764,45099.21331781369
746,106.23613331441253,106.23613331441253,0.015199554565681438,0.0,5.249797063908827,193,0.1344385132818334,0.03301303531516639,45240.10645407883
747,108.65576870331076,108.65576870331076,0.022520510357719164,0.0,5.249797063908827,193,0.13505862926199444,0.02747043136753877,45589.312101694486
748,107.94346997551999,107.94346997551999,-0.006577135726739096,0.0,5.249797063908827,193,0.1353988366327238,0.04683844408839537,45493.694120517044
749,106.19573573656088,106.19573573656088,-0.016323709074386232,0.0,5.249797063908827,193,0.13613481652195608,0.06895449534191257,45222.25282299143
750,102.71021361696866,102.71021361696866,-0.033372391879482155,0.0,5.249797063908827,193,0.1349604616321625,0.08148145604168912,44741.14934649055
751,104.2992001988449,104.2992001988449,0.015352130719160032,0.0,5.249797063908827,193,0.13345912216622183,0.062213693824321986,44916.744488574426
752,105.45096897774955,105.45096897774955,0.010982402159120415,0.0,5.249797063908827,193,0.1336029145255065,0.07048516169746206,44971.39585025875
753,105.2278819053427,105.2278819053427,-0.0021177935502444904,0.0,5.249797063908827,193,0.13379902297416976,0.0263299496527043,44945.03818209773
754,103.12726385797636,103.12726385797636,-0.020164505334419193,0.0,5.249797063908827,193,0.13286857731170978,0.011402355711873919,44605.51583936167
755,105.16122232547683,105.16122232547683,0.019530826301085442,0.0,5.249797063908827,193,0.1326983366660427,0.00097185328917498,44862.05826951338
756,106.97602391231011,106.97602391231011,0.017110110490162762,0.0,5.249797063908827,193,0.13276145487122507,0.03586651013036192,45070.93266735836
757,106.99551868029681,106.99551868029681,0.0001822183249644352,0.0,5.249797063908827,193,0.13279403688309718,0.06369157641245189,45058.45479596706
758,105.35431027679317,105.35431027679317,-0.015457898803462771,0.0,5.249797063908827,193,0.13219533080998083,0.07741201588320153,44794.25261998417
759,105.67890291006707,105.67890291006707,0.003076225626714257,0.0,5.249797063908827,193,0.13192807549963015,0.04644623205653083,44816.43131530562
760,103.94710143438846,103.94710143438846,-0.01652314922936795,0.0,5.249797063908827,193,0.1321568721674288,0.07425488277521262,44774.317079587745
761,101.53062869586607,101.53062869586607,-0.023521616174493238,0.0,5.249797063908827,193,0.1358044274559003,0.10986029717335868,44510.384683636956
762,101.32925392705035,101.32925392705035,-0.0019853588827691273,0.0,5.249797063908827,193,0.13589246754679427,0.1199509504062258,44500.90489241324
763,104.32756781170251,104.32756781170251,0.02916048512549014,0.0,5.249797063908827,193,0.13161991313852875,0.1306205347330379,44806.23173998533
764,101.7108586659899,101.7108586659899,-0.02540157085591442,0.0,5.249797063908827,193,0.13214576645397835,0.09592965468007206,44743.8271818807
765,99.78134961072215,99.78134961072215,-0.019152780692955368,0.0,5.249797063908827,193,0.13530516395682787,0.11386156062509879,44535.238722736176
766,96.40245986636457,96.40245986636457,-0.0344495696286612,0.0,5.249797063908827,193,0.1361303619060832,0.1328740178897334,44457.19418043656
767,94.71122451152273,94.71122451152273,-0.017699198359807666,0.0,5.249797063908827,193,0.1380183475799613,0.15092356487918254,44340.70608355756
768,93.53502878963262,93.53502878963262,-0.012496514620959041,0.0,5.249797063908827,193,0.13757294389450891,0.1552425556124021,44094.729912953706
769,91.85453674092535,91.85453674092535,-0.01812980222144942,0.0,5.249797063908827,193,0.13912001308813793,0.15805240232373435,43861.05305979229
770,94.36357050600239,94.36357050600239,0.02694888963928742,0.0,5.249797063908827,193,0.13972518103557885,0.14059952838644976,44266.599790783555
771,97.19948350785161,97.19948350785161,0.0296103047330949,0.0,5.249797063908827,193,0.14093660281071432,0.1869360574171186,44663.48694010968
772,94.32537708373638,94.32537708373638,-0.03001513419741167,0.0,5.249797063908827,193,0.14056805814448142,0.17520885559075666,44381.192399103464
773,97.27247817050304,97.27247817050304,0.030765830240681098,0.0,5.249797063908827,193,0.13725146417300102,0.11395983396636646,44719.836030008184
774,96.07398124360901,96.07398124360901,-0.01239756115717822,0.0,5.249797063908827,193,0.13780309122885673,0.11528841314644371,44614.15654581068
775,98.03963195883034,98.03963195883034,0.0202532720298304,0.0,5.249797063908827,193,0.1395540558424145,0.09053379046971374,45004.618131706855
776,99.19280510563279,99.19280510563279,0.011693677820403384,0.0,5.249797063908827,193,0.14038585880153817,0.14705667996045085,45185.85281527163
777,98.85606927522579,98.85606927522579,-0.003400535912670617,0.0,5.249797063908827,193,0.14058159794716868,0.12906423126434516,45151.63754607514
778,97.53907050242039,97.53907050242039,-0.013411925733210036,0.0,5.249797063908827,193,0.14164052319997356,0.12289417724306613,45053.62987142124
779,95.147890006421,95.147890006421,-0.02482060278607612,0.0,5.249797063908827,193,0.13950530112953885,0.12560617901340732,44556.21802610052
780,97.00424101408267,97.00424101408267,0.019322281290865984,0.0,5.249797063908827,193,0.13751109844844672,0.09937649859817138,44779.261961528544
781,96.71362243530633,96.71362243530633,-0.0030004336371300283,0.0,5.249797063908827,193,0.13793534883350161,0.10178107736579398,44723.593903386034
782,97.49038977400386,97.49038977400386,0.007999541020189654,0.0,5.249797063908827,193,0.138377853115572,0.11489304298771817,44843.64088716111
783,98.75590690981421,98.75590690981421,0.012897412075183178,0.0,5.249797063908827,193,0.13675821562325968,0.10632143890999735,44986.91361902974
784,95.42082533246003,95.42082533246003,-0.03435436927962605,0.0,5.249797063908827,193,0.14134191468594598,0.06556324882856643,44584.848406707235
785,97.54999686627357,97.54999686627357,0.02206818542391346,0.0,5.249797063908827,193,0.14327096267445869,0.03143988765993672,44981.07334237666
786,99.29745237003038,99.29745237003038,0.017754879886266377,0.0,5.249797063908827,193,0.14131481975658355,0.053610182893960266,45170.26072243389
787,101.746480859155,101.746480859155,0.024364322742702647,0.0,5.249797063908827,193,0.1403086053481464,0.0653647230896158,45346.124325173114
788,100.92254792744444,100.92254792744444,-0.008130867117596231,0.0,5.249797063908827,193,0.13977944295135797,0.079721442031972,45187.838178677244
789,100.87793865420191,100.87793865420191,-0.0004421126502199884,0.0,5.249797063908827,193,0.13987008772456933,0.06570831785495877,45169.320349014386
790,99.70681687485728,99.70681687485728,-0.011677209305373084,0.0,5.249797063908827,193,0.13952811806815532,0.08600055215868647,45006.01866991433
791,98.84921052490243,98.84921052490243,-0.008638485512695991,0.0,5.249797063908827,193,0.1389818281731281,0.07059608104038516,44893.00982968083
792,99.90783788520855,99.90783788520855,0.010652576898395463,0.0,5.249797063908827,193,0.13932154669846888,0.06373050737166124,45012.92341511248
793,99.05484005261913,99.05484005261913,-0.008574503194338647,0.0,5.249797063908827,193,0.1404668359969104,0.06177337926698886,44904.25685033711
794,97.80750954083696,97.80750954083696,-0.012672277927836076,0.0,5.249797063908827,193,0.14062570408787542,0.05018835968805194,44835.84597417128
795,97.68018141880107,97.68018141880107,-0.001302671686556481,0.0,5.249797063908827,193,0.14063359489897476,0.012677332227258042,44818.240228000665
796,95.9975695594545,95.9975695594545,-0.017375813019220032,0.0,5.249797063908827,193,0.13942088263422817,0.0415937068630679,44468.583975806265
797,99.10895958190606,99.10895958190606,0.0318969726955137,0.0,5.249797063908827,193,0.1350246487039023,-0.015188438681180198,44809.19441269502
798,98.17750969912966,98.17750969912966,-0.009442683090879974,0.0,5.249797063908827,193,0.13531445339598538,-0.047215386499691585,44769.85887063452
799,96.96611602294342,96.96611602294342,-0.012415565536904111,0.0,5.249797063908827,193,0.1360464279176065,-0.057142096620494784,44696.01725434233
800,97.40135051515766,97.40135051515766,0.004478478084997561,0.0,5.2402493513844055,192,0.14055706488412498,-0.06319521808842762,44575.69326626655
801,98.59847157284071,98.59847157284071,0.01221568398773061,0.0,5.2402493513844055,192,0.13901015532883243,-0.056174658501819054,44699.59414079287
802,99.38103256977165,99.38103256977165,0.007905516037840586,0.0,5.2402493513844055,192,0.1385735975346169,-0.040416323466729624,44744.33198531247
803,100.1343354099332,100.1343354099332,0.007551362357928401,0.0,5.2402493513844055,192,0.13879439477442526,-0.045899822730466715,44857.48674321902
804,97.56167816042614,97.56167816042614,-0.02602786407840471,0.0,5.2402493513844055,192,0.14154292572122562,-0.07370213835400369,44543.493023332514
805,96.96098807288907,96.96098807288907,-0.006176061726357847,0.0,5.2402493513844055,192,0.14207638951894502,-0.052724099860000394,44447.47830605975
806,98.67629630493657,98.67629630493657,0.01753604578897247,0.0,5.2402493513844055,192,0.1432431804051486,-0.07680550472422396,44649.27785959131
807,100.65193020224181,100.65193020224181,0.019823570692658974,0.0,5.2402493513844055,192,0.1412635382225597,-0.05086276417723031,44876.616856533125
808,101.44712901815363,101.44712901815363,0.00786943712389179,0.0,5.2402493513844055,192,0.14098550171246962,-0.045260727066820564,44933.69186408416
809,104.03107410455817,104.03107410455817,0.025151877584269667,0.0,5.2402493513844055,192,0.14221642685874938,-0.05889249053119485,45357.17591621374
810,103.0602182157972,103.0602182157972,-0.009376183715202834,0.0,5.2402493513844055,192,0.14327952593353818,-0.04737637122679496,45254.54194686041
811,103.1470328931286,103.1470328931286,0.0008420138670559078,0.0,5.2402493513844055,192,0.14329777595232723,-0.05751338844152581,45245.06737973754
812,105.00413996921712,105.00413996921712,0.017844303527059617,0.0,5.2402493513844055,192,0.1446457093565735,-0.054766051104376635,45594.886242594665
813,105.99753691781136,105.99753691781136,0.009416079559163869,0.0,5.2402493513844055,192,0.1434934199004775,-0.04805470024107977,45702.06637198611
814,103.07941605731475,103.07941605731475,-0.027916136396053413,0.0,5.2402493513844055,192,0.14510687506067968,-0.04034542778035874,45478.949697254124
815,100.71179648938178,100.71179648938178,-0.02323678307836691,0.0,5.2402493513844055,192,0.1445247797502999,-0.025535365182040064,45043.39476095901
816,99.2135141273075,99.2135141273075,-0.014988701608989274,0.0,5.2402493513844055,192,0.14477272102603805,-0.01066810430503862,44783.79561264667
817,92.90508870329622,92.90508870329622,-0.0656958156758088,0.0,5.2402493513844055,192,0.14576398679927047,0.02993562455889837,44015.27982828676
818,88.43657306256263,88.43657306256263,-0.049292813947201974,0.0,5.2402493513844055,192,0.1511061343788698,0.14621721197305898,43386.49811317832
819,88.66976094238609,88.66976094238609,0.0026333108398821077,0.0,5.2402493513844055,192,0.15094767769150896,0.13940339994722628,43400.535669304554
820,92.51736669839566,92.51736669839566,0.04247745763554291,0.0,5.2402493513844055,192,0.15385777833528624,0.1279235453982382,44080.84830224238
821,92.64563746184811,92.64563746184811,0.0013854904175167528,0.0,5.2402493513844055,192,0.1538731944734724,0.13521343913036601,44087.56019830658
822,94.57212513693266,94.57212513693266,0.02058090694664339,0.0,5.2402493513844055,192,0.1543174246315198,0.13611364952702185,44175.9643073066
823,97.184211385483,97.184211385483,0.02724549161594579,0.0,5.2402493513844055,192,0.152274322331882,0.18598905530364704,44460.7595525945
824,96.16187155172142,96.16187155172142,-0.010575330477006813,0.0,5.2402493513844055,192,0.1526656696122759,0.162973520849998,44359.5487141425
825,95.79932747863835,95.79932747863835,-0.003777268593568452,0.0,5.2402493513844055,192,0.1523008871525457,0.14254497565791577,44253.920813601275
826,95.74256839353292,95.74256839353292,-0.0005926545365787316,0.0,5.2402493513844055,192,0.1523509294165917,0.12528782665080695,44245.478137753315
827,96.59684898117598,96.59684898117598,0.008883111084340204,0.0,5.2402493513844055,192,0.15180145472496626,0.11713050936578913,44350.51631458387
828,95.94663103866506,95.94663103866506,-0.006754011241236162,0.0,5.2402493513844055,192,0.15132786063259382,0.10568756858380701,44196.79611435215
829,95.8869802068803,95.8869802068803,-0.0006219017962495492,0.0,5.2402493513844055,192,0.1513928007470973,0.12747862465661872,44189.176104260565
830,95.54908869788474,95.54908869788474,-0.003530075202786168,0.0,5.2402493513844055,192,0.15185890936122046,0.09863966615622184,44131.134666827944
831,95.37086900527581,95.37086900527581,-0.0018669577190235619,0.0,5.2402493513844055,192,0.15167083710123844,0.14108669527581844,44068.249595255795
832,94.57535094302361,94.57535094302361,-0.008376294234705374,0.0,5.2402493513844055,192,0.15246285628177267,0.18820538857609648,43958.353852209504
833,96.14694492306802,96.14694492306802,0.016480816208959123,0.0,5.2402493513844055,192,0.1519538932788768,0.20514431514383769,44117.969245045
834,96.87387368657836,96.87387368657836,0.0075321636858698155,0.0,5.2402493513844055,192,0.15257856100632336,0.2237266613459311,44256.145609184234
835,98.54335783155211,98.54335783155211,0.017086771212982837,0.0,5.2402493513844055,192,0.15117598119925307,0.21987923657820996,44490.209508837754
836,101.34194740733038,101.34194740733038,0.02800378407659743,0.0,5.2402493513844055,192,0.14927881729941272,0.2369267704743206,44856.84309797594
837,102.34463598417555,102.34463598417555,0.00984548574239386,0.0,5.2402493513844055,192,0.14991142233733298,0.2454734491993813,45030.60619759928
838,104.35851613627896,104.35851613627896,0.019486339288858928,0.0,5.2402493513844055,192,0.14789379482510545,0.2348332239092896,45280.38119502224
839,105.11687499094293,105.11687499094293,0.007240584812640462,0.0,5.2402493513844055,192,0.14748824932612326,0.26870806802462815,45348.85265730647
840,102.00122766116746,102.00122766116746,-0.030087977172631095,0.0,5.2402493513844055,192,0.14566340105547296,0.25604977918553173,44700.03577958915
841,103.25631787219025,103.25631787219025,0.012229570908894856,0.0,5.2402493513844055,192,0.14457078751571417,0.240322239006304,44865.55833805555
842,105.04052076072719,105.04052076072719,0.01713176770502875,0.0,5.2402493513844055,192,0.14345911220122654,0.24252800196837646,45072.36761024938
843,105.32354323813647,105.32354323813647,0.0026907889379416414,0.0,5.2402493513844055,192,0.14360056798194804,0.26364084984827285,45103.37370158271
844,102.71110363849364,102.71110363849364,-0.025116748347240564,0.0,5.2402493513844055,192,0.14597153724448572,0.30240817442238177,44773.77106182484
845,102.99152281678099,102.99152281678099,0.00272645378261587,0.0,5.2402493513844055,192,0.14587558220976957,0.2901372891850662,44790.867644295126
846,103.31246458138052,103.31246458138052,0.0031113506583522036,0.0,5.2402493513844055,192,0.14604898315328396,0.27507844296809075,44832.49539785557
847,103.15491515490076,103.15491515490076,-0.0015261438127439529,0.0,5.2402493513844055,192,0.14619835655857907,0.2921787351468229,44810.718722440906
848,103.93132517036115,103.93132517036115,0.007498457185395517,0.0,5.2402493513844055,192,0.14572904184007252,0.29146915280681895,44894.47879429471
849,104.55687300628453,104.55687300628453,0.006000816531078315,0.0,5.2402493513844055,192,0.14603635832175474,0.2923160160097074,44990.06522562954
850,108.40492330770074,108.40492330770074,0.0361423432869385,0.0,5.2402493513844055,192,0.14265720816852892,0.2806523829153772,45487.47175569746
851,106.9537993881547,106.9537993881547,-0.013476546143547673,0.0,5.2402493513844055,192,0.14359617319532733,0.2596949074524222,45300.48691655413
852,107.44710646884234,107.44710646884234,0.004601733833503823,0.0,5.2402493513844055,192,0.14380125055610884,0.26262592070471125,45371.78345665292
853,110.33834247248022,110.33834247248022,0.026552792099236458,0.0,5.2402493513844055,192,0.1414222933790347,0.2535456520949058,45736.68749632305
854,108.47254123525474,108.47254123525474,-0.017054420952524595,0.0,5.2402493513844055,192,0.14288250297293195,0.22914218197651684,45490.54464860456
855,106.8940564975014,106.8940564975014,-0.014658847006972562,0.0,5.2402493513844055,192,0.142334513576301,0.23778397916778957,45182.67806755268
856,109.76773867340638,109.76773867340638,0.02652844912698939,0.0,5.2402493513844055,192,0.13982774897797098,0.2430501790455068,45527.907661620404
857,108.69645014900134,108.69645014900134,-0.009807530627578085,0.0,5.2402493513844055,192,0.14076250419525177,0.25327397934544926,45386.09941020239
858,109.47472074659579,109.47472074659579,0.00713452557141855,0.0,5.2402493513844055,192,0.14107659968856165,0.24421122246885313,45506.11153727447
859,108.31413858363035,108.31413858363035,-0.01065796618438728,0.0,5.2402493513844055,192,0.14209657674229131,0.24342470551496745,45359.56113337327
860,110.03547397711085,110.03547397711085,0.015767108846436638,0.0,5.2402493513844055,192,0.14127158959169314,0.23243490358392682,45533.702093374544
861,111.8294204314867,111.8294204314867,0.016171873936899585,0.0,5.2402493513844055,192,0.14187055127670237,0.23750981239838936,45831.948370237
862,114.11073911802187,114.11073911802187,0.020194694225686757,0.0,5.2402493513844055,192,0.14005756811644782,0.24442146654659136,46105.837991428765
863,116.28931132438966,116.28931132438966,0.01891177656677936,0.0,5.2402493513844055,192,0.138841064482748,0.2611201820524159,46337.6848253796
864,122.0381024003224,122.0381024003224,0.04825216149605547,0.0,5.2402493513844055,192,0.1407079196584729,0.2672050139650597,47261.188104993555
865,119.88958970736938,119.88958970736938,-0.017762077258500167,0.0,5.2402493513844055,192,0.1427991050939719,0.22957276219096626,47034.006330287804
866,122.86198365729268,122.86198365729268,0.024490407806295977,0.0,5.2402493513844055,192,0.14119535371628159,0.2000734054363306,47275.76006586922
867,120.71367684887207,120.71367684887207,-0.017640206844049156,0.0,5.2402493513844055,192,0.14105739816846508,0.17753773695656427,46955.316034292446
868,119.3731782915968,119.3731782915968,-0.011166896133718605,0.0,5.2402493513844055,192,0.14160376489021584,0.18343192948278056,46776.600697439935
869,121.19534787768893,121.19534787768893,0.015149150751160256,0.0,5.2402493513844055,192,0.14112719922346934,0.18998064453351196,46956.95269705375
870,121.86093924511377,121.86093924511377,0.005476863314759949,0.0,5.2402493513844055,192,0.14123355889620678,0.19158532343229703,47013.05330849106
871,124.87438004899772,124.87438004899772,0.02442772001795895,0.0,5.2402493513844055,192,0.14012179873708597,0.19179618777517335,47275.60092197704
872,122.00391839778582,122.00391839778582,-0.02325511015168115,0.0,5.2402493513844055,192,0.14099779321667247,0.16204797119096456,47022.300078825065
873,122.69384911102912,122.69384911102912,0.0056390587337534015,0.0,5.2402493513844055,192,0.14127444906663567,0.16745953701828786,47079.3616743927
874,123.35563386430911,123.35563386430911,0.005379294775221987,0.0,5.2402493513844055,192,0.14078876085281705,0.14102932423990389,47129.5674251242
875,117.70583427580327,117.70583427580327,-0.04688293366511002,0.0,5.2402493513844055,192,0.1416947419867056,0.10951708056123977,46957.12966964566
876,114.82967152741648,114.82967152741648,-0.02473866880389851,0.0,5.2402493513844055,192,0.14259363539416536,0.11393467939938214,46818.51583368065
877,117.47995458256158,117.47995458256158,0.02281780646106104,0.0,5.2402493513844055,192,0.14386595369643315,-0.05480541418941479,47209.29321452057
878,115.25966466069296,115.25966466069296,-0.019080183145025787,0.0,5.2402493513844055,192,0.14661572142862841,-0.08772299346094603,46969.26157383738
879,117.09527458631362,117.09527458631362,0.01580037954045939,0.0,5.2402493513844055,192,0.14630297366057132,-0.09672722702562932,47018.55308472099
880,112.83982536873619,112.83982536873619,-0.037018577596692886,0.0,5.2402493513844055,192,0.1505010754785922,-0.11499205427614677,46695.68634236391
881,113.1688354308307,113.1688354308307,0.002911483952354308,0.0,5.2402493513844055,192,0.15033163635242966,-0.11256391999225737,46715.12690141219
882,113.82069985629387,113.82069985629387,0.0057435794707560725,0.0,5.2402493513844055,192,0.15053932814854507,-0.135415028232239,46780.64758976605
883,113.38654706823436,113.38654706823436,-0.0038216502540000486,0.0,5.2402493513844055,192,0.15081527180600146,-0.1235187002229638,46718.58332267478
884,115.71717743030135,115.71717743030135,0.02034633673632852,0.0,5.2402493513844055,192,0.15042535628165304,-0.13331248291809253,46986.603189986876
885,116.03926944654538,116.03926944654538,0.0027795750923791792,0.0,5.2402493513844055,192,0.15040104206281044,-0.13526130251763077,47004.08282736413
886,116.24717538505489,116.24717538505489,0.0017900828795928696,0.0,5.2402493513844055,192,0.15046331224862258,-0.13420970447219902,47009.80678696479
887,116.02911535719431,116.02911535719431,-0.001877592338204612,0.0,5.2402493513844055,192,0.15090309487013617,-0.13095249168150136,46974.95330865137
888,119.88756459467906,119.88756459467906,0.03271318777693906,0.0,5.2402493513844055,192,0.15062807787976829,-0.13551722026954022,47067.542431199654
889,118.06361832670578,118.06361832670578,-0.015330724303328533,0.0,5.2402493513844055,192,0.1528698732662733,-0.16147981957317298,46878.93969242587
890,113.22930023528419,113.22930023528419,-0.04180864926713972,0.0,5.2402493513844055,192,0.15350140461070585,-0.11096163147970226,46749.874767136724
891,113.40732613618448,113.40732613618448,0.0015710253048356441,0.0,5.2402493513844055,192,0.1533898333460546,-0.11094643492078148,46758.951932419135
892,111.74243231411974,111.74243231411974,-0.014789482165976675,0.0,5.2402493513844055,192,0.1548210977687732,-0.10229927404983062,46570.0774578039
893,110.66685033454294,110.66685033454294,-0.00967217151994065,0.0,5.2402493513844055,192,0.1541124876209243,-0.09608946499820734,46394.825923131546
894,113.67056042080848,113.67056042080848,0.02678010403374197,0.0,5.2402493513844055,192,0.1518078513786909,-0.1094018373119889,46777.58392065846
895,114.0013446844293,114.0013446844293,0.0029057998721512845,0.0,5.2402493513844055,192,0.15169780685272316,-0.12641866350424258,46796.117094259615
896,119.71900350100546,119.71900350100546,0.04893711556750323,0.0,5.2402493513844055,192,0.15366816542986536,-0.12504460822369456,47651.732265273815
897,118.01457457325183,118.01457457325183,-0.014339229198718807,0.0,5.2402493513844055,192,0.1554633971648423,-0.16090797600943849,47482.01208855647
898,115.51644136814255,115.51644136814255,-0.021395260832317593,0.0,5.2402493513844055,192,0.15717561024245677,-0.14740716051450575,47275.711307730126
899,116.84880019137223,116.84880019137223,0.01146792365468505,0.0,5.2402493513844055,192,0.15799050385223556,-0.14907020470647248,47503.31857438386
900,115.20969145863705,115.20969145863705,-0.014126921025125163,0.0,5.229002648492029,191,0.15822716836152007,-0.14663781701550468,47554.73434215738
901,116.91016931356447,116.91016931356447,0.014651984287785195,0.0,5.229002648492029,191,0.15672749984241854,-0.16094734273939493,47704.99899405117
902,119.97453985289025,119.97453985289025,0.025873696122482203,0.0,5.229002648492029,191,0.15878229236140534,-0.14691359871981177,48225.43741788172
903,120.92750422347366,120.92750422347366,0.007911675013806898,0.0,5.229002648492029,191,0.15777903132315993,-0.14085018456066922,48308.77645779998
904,116.8771643445654,116.8771643445654,-0.034067721498919054,0.0,5.229002648492029,191,0.16123068245707634,-0.145121241806789,47991.08960642932
905,112.19618405429019,112.19618405429019,-0.040874523594642984,0.0,5.229002648492029,191,0.15844215965482597,-0.07804649284927048,47078.1396944343
906,112.877196319471,112.877196319471,0.006051487228736793,0.0,5.229002648492029,191,0.15795676341342954,-0.08501643056864014,47152.45279032008
907,110.0764876081094,110.0764876081094,-0.025125003481500752,0.0,5.229002648492029,191,0.15994252482913213,-0.08668196772175128,46781.642084249404
908,108.09394479103635,108.09394479103635,-0.018174757853913908,0.0,5.229002648492029,191,0.15884257401129548,-0.06908203197687522,46499.06258988444
909,107.0826829631776,107.0826829631776,-0.009399434164981893,0.0,5.229002648492029,191,0.15976415879123584,-0.0693027650801378,46384.08864623465
910,106.28274340376463,106.28274340376463,-0.007498340486440533,0.0,5.229002648492029,191,0.16055904656160208,-0.05187104218437048,46276.09868378895
911,105.07349769390143,105.07349769390143,-0.011442850216501736,0.0,5.229002648492029,191,0.1598401231236799,-0.04661231050235797,46053.154308762765
912,103.38337040049888,103.38337040049888,-0.016215962032345984,0.0,5.229002648492029,191,0.1622805270792669,-0.04494785890068054,45870.981011676435
913,103.98505051827905,103.98505051827905,0.0058030225005498565,0.0,5.229002648492029,191,0.16207608516555097,-0.033214657312712,45895.575895795235
914,102.3742327312588,102.3742327312588,-0.015612096335930548,0.0,5.229002648492029,191,0.16295612086252528,-0.0453739153162913,45782.59148497399
915,103.63574762570484,103.63574762570484,0.012247277153418595,0.0,5.229002648492029,191,0.16392368976029298,-0.0382552593769675,45985.24562331035
916,100.1529368223851,100.1529368223851,-0.03418393869063307,0.0,5.229002648492029,191,0.16873925131125067,-0.045154123431461114,45614.298137715065
917,99.60425099849603,99.60425099849603,-0.005493541531826506,0.0,5.229002648492029,191,0.16904243337920882,-0.03769900802401994,45583.38099666711
918,100.37813482194342,100.37813482194342,0.007739558494495272,0.0,5.229002648492029,191,0.16865955824569132,-0.03611299064359222,45619.37774614733
919,100.1338606573706,100.1338606573706,-0.002436505455292482,0.0,5.229002648492029,191,0.1684127743600118,-0.03056852748015088,45542.82291706739
920,98.37117462447998,98.37117462447998,-0.017760077092213663,0.0,5.229002648492029,191,0.17143255572579721,-0.04189350209092958,45342.677459002916
921,98.24823298296906,98.24823298296906,-0.0012505546530646157,0.0,5.229002648492029,191,0.17150746013262913,-0.05841551549911628,45336.925712851466
922,96.80248373996758,96.80248373996758,-0.014824613257374945,0.0,5.229002648492029,191,0.17298870651277207,-0.07887026348312258,45235.26875224676
923,100.17756569918099,100.17756569918099,0.03427161594063574,0.0,5.229002648492029,191,0.1748047165292919,-0.13349546002742388,45937.19545626198
924,101.53904131479051,101.53904131479051,0.013499099656236024,0.0,5.229002648492029,191,0.1728451755000455,-0.09134906450252463,46083.27281807433
925,100.08864373435131,100.08864373435131,-0.014387137342922473,0.0,5.229002648492029,191,0.17415024487646055,-0.0827159959281006,45958.22793198083
926,98.56738959884889,98.56738959884889,-0.01531575806569885,0.0,5.229002648492029,191,0.17340727668653216,-0.06241896746328103,45635.35896885463
927,99.11302821277816,99.11302821277816,0.005520425398408845,0.0,5.229002648492029,191,0.1729521110063905,-0.07206844339153064,45700.00610739601
928,98.75204607065331,98.75204607065331,-0.003648774741357765,0.0,5.229002648492029,191,0.17312657360456404,-0.06616589980294388,45621.89656546578
929,98.92648304067428,98.92648304067428,0.0017648554557943093,0.0,5.229002648492029,191,0.17318599122844594,-0.07423897326412346,45640.70275412549
930,102.04713304961113,102.04713304961113,0.031057816550639702,0.0,5.229002648492029,191,0.17383478994318782,-0.07309623636938997,45984.220734358736
931,102.19671838501165,102.19671838501165,0.0014647722425439487,0.0,5.229002648492029,191,0.17387289068909093,-0.04554436430916935,45987.26167161919
932,102.08200232793777,102.08200232793777,-0.0011231328327526574,0.0,5.229002648492029,191,0.17420021791173904,-0.03833272115201435,45966.04358834953
933,104.47853453496941,104.47853453496941,0.023205204470863508,0.0,5.229002648492029,191,0.17368998764168864,-0.03813994136126538,46048.988926175945
934,104.36160665640995,104.36160665640995,-0.0011197836786602828,0.0,5.229002648492029,191,0.17385440258121604,-0.021354303326797264,46030.720732859234
935,105.17555782007712,105.17555782007712,0.007769077717300571,0.0,5.229002648492029,191,0.17431705546770837,-0.06952683301775534,46170.74853696542
936,108.25196933433807,108.25196933433807,0.028830625987006624,0.0,5.229002648492029,191,0.17021644913096398,-0.02955484013882576,46479.367601975944
937,108.31017567159408,108.31017567159408,0.0005375485974800742,0.0,5.229002648492029,191,0.17027968507852873,-0.008431474862182774,46467.635181900245
938,107.29437138963296,107.29437138963296,-0.009422916279043873,0.0,5.229002648492029,191,0.16939432362856002,0.004973547989314616,46232.44553741141
939,106.1325853998627,106.1325853998627,-0.010887073335130528,0.0,5.229002648492029,191,0.1708828064188254,0.03793112993733718,46112.22600118827
940,106.66490190702561,106.66490190702561,0.005003044201722943,0.0,5.229002648492029,191,0.1703928399756437,0.04417085412914671,46147.26909050398
941,104.19157946675448,104.19157946675448,-0.023460847572857046,0.0,5.229002648492029,191,0.16855515712064298,0.03508039263668707,45619.874751259595
942,98.57806239553692,98.57806239553692,-0.055382568857968655,0.0,5.229002648492029,191,0.17660028983711848,0.08270680945393852,45066.80849323398
943,99.65338334742918,99.65338334742918,0.01084925245346666,0.0,5.229002648492029,191,0.175589900623949,0.05370621098086619,45137.77412359171
944,102.04386193782794,102.04386193782794,0.023704741461107272,0.0,5.229002648492029,191,0.1772182589992291,0.06296398724651288,45604.47366916006
945,103.57279112205876,103.57279112205876,0.014871921523171421,0.0,5.229002648492029,191,0.17541025952678774,0.0799325627775476,45767.76121920879
946,103.15068895000769,103.15068895000769,-0.004083742770958222,0.0,5.229002648492029,191,0.1759972090072649,0.07840361228219274,45705.508322415495
947,110.29219431300986,110.29219431300986,0.06694223736441157,0.0,5.229002648492029,191,0.1817553843577031,0.06169128121038471,47057.16456750748
948,113.39208196337401,113.39208196337401,0.02771840893217147,0.0,5.229002648492029,191,0.17830846681610837,0.1483173708573794,47348.42656595563
949,112.4558184208768,112.4558184208768,-0.008291145539712485,0.0,5.229002648492029,191,0.1793564148416258,0.12035299675995316,47247.40246761461
950,113.62581294405119,113.62581294405119,0.010350287735165742,0.0,5.229002648492029,191,0.18026388785253167,0.12688826399488634,47446.32726318581
951,113.86270147060065,113.86270147060065,0.002082642394341033,0.0,5.229002648492029,191,0.1801751416501067,0.12851451394976734,47470.90979783779
952,111.16811001668206,111.16811001668206,-0.02394978922791133,0.0,5.229002648492029,191,0.18127236379158074,0.11973697748214296,47040.80741768051
953,113.91256591852337,113.91256591852337,0.024387628237307588,0.0,5.229002648492029,191,0.18326986836791154,0.10596328762545931,47332.65847755981
954,110.6317611858054,110.6317611858054,-0.02922396897466025,0.0,5.229002648492029,191,0.18096851845325496,0.07616593038457004,46960.50864827441
955,108.4143060193877,108.4143060193877,-0.020247164877945853,0.0,5.229002648492029,191,0.18093357736266144,0.08894944749489196,46702.844343165125
956,104.7136239411058,104.7136239411058,-0.03473082163336837,0.0,5.229002648492029,191,0.184465049515097,0.14236755051535802,46301.88967356253
957,104.8783490983954,104.8783490983954,0.0015718654566502551,0.0,5.229002648492029,191,0.1844035871583025,0.1292069428727655,46302.832694192126
958,105.13609438347316,105.13609438347316,0.002454549412984477,0.0,5.229002648492029,191,0.18451369384962268,0.14166404105477468,46326.44682169617
959,107.01115908282483,107.01115908282483,0.01767747163516177,0.0,5.229002648492029,191,0.18249268345368436,0.14984728391341656,46513.2867204317
960,102.67298483528018,102.67298483528018,-0.04138408650242282,0.0,5.229002648492029,191,0.1865205149529128,0.12160847789564656,46105.02813725876
961,105.18934401267788,105.18934401267788,0.02421296950271089,0.0,5.229002648492029,191,0.1883357880119593,0.06650226270301461,46538.75260277981
962,108.6666956141302,108.6666956141302,0.03252335656825493,0.0,5.229002648492029,191,0.1841896261714425,0.08773737434564925,46818.22434830801
963,105.9502635185945,105.9502635185945,-0.025315587177365945,0.0,5.229002648492029,191,0.18580256858880573,0.06941552756874188,46677.77265044354
964,106.57695949619405,106.57695949619405,0.005897576650708769,0.0,5.229002648492029,191,0.1854542112739127,0.018957940755413086,46739.53893981375
965,106.78023662142554,106.78023662142554,0.0019055104813731378,0.0,5.229002648492029,191,0.18536347227250138,0.03159739923274509,46744.70309329571
966,104.75064909337837,104.75064909337837,-0.019190103662433945,0.0,5.229002648492029,191,0.18482864503707128,0.03595708885791763,46446.387792157315
967,106.9703004999517,106.9703004999517,0.020968475133937164,0.0,5.229002648492029,191,0.18525786319373674,0.004403028581954201,46715.924367114
968,104.42306686141592,104.42306686141592,-0.02410063252069851,0.0,5.229002648492029,191,0.18536093297207595,-0.020545794686678182,46386.94888810147
969,106.7958336429004,106.7958336429004,0.022468316939101726,0.0,5.229002648492029,191,0.18225247092644362,-0.04286621518373349,46593.34622528366
970,106.76011110844904,106.76011110844904,-0.00033454966403438023,0.0,5.229002648492029,191,0.182298091629417,-0.04643392314652019,46590.007322540245
971,105.24525363973504,105.24525363973504,-0.01429098978074353,0.0,5.229002648492029,191,0.18454131985687253,-0.052983432094475605,46445.82167881645
972,102.90625617054208,102.90625617054208,-0.022474935946719135,0.0,5.229002648492029,191,0.18501894186051662,-0.03721816942667788,46380.936179841294
973,101.75999689584542,101.75999689584542,-0.011201370452241344,0.0,5.229002648492029,191,0.18685582090288566,-0.02455783632160253,46262.04130404871
974,102.63065545510217,102.63065545510217,0.008519605133947058,0.0,5.229002648492029,191,0.1867358157846635,-0.0212190495014789,46282.68594300016
975,100.41271981541009,100.41271981541009,-0.0218477835995956,0.0,5.229002648492029,191,0.1899171759955474,-0.012093773191926505,46076.14277554975
976,100.13114730357218,100.13114730357218,-0.002808090827292268,0.0,5.229002648492029,191,0.190023531317752,-0.017892583159140045,46066.05911621757
977,100.82831305510682,100.82831305510682,0.006938399885883421,0.0,5.229002648492029,191,0.18917254848943776,-0.01699233019055275,46121.763919360434
978,102.91853495286799,102.91853495286799,0.020518552817407006,0.0,5.229002648492029,191,0.18709507628263,-0.010866600321753472,46258.27925607074
979,104.81997303207494,104.81997303207494,0.01830658359805932,0.0,5.229002648492029,191,0.18890144473850734,0.00036857497115831375,46654.93530631022
980,106.62681826711022,106.62681826711022,0.017090722486340505,0.0,5.229002648492029,191,0.18665045432932498,0.009166556407192522,46839.76662471299
981,107.53463063130854,107.53463063130854,0.008477882515650815,0.0,5.229002648492029,191,0.18572924628244467,0.011648865710435077,46911.00917482249
982,110.34782939038034,110.34782939038034,0.02582452118409946,0.0,5.229002648492029,191,0.18807789641949393,0.03774969668137108,47459.75305874504
983,108.99877387150126,108.99877387150126,-0.012300829001082772,0.0,5.229002648492029,191,0.1898567068205271,0.010966943009320258,47333.74027901553
984,108.38112080613806,108.38112080613806,-0.005682721748034029,0.0,5.229002648492029,191,0.19080274422141238,0.022001009305761116,47255.90944695428
985,108.66971598088354,108.66971598088354,0.0026592419461345697,0.0,5.229002648492029,191,0.19102805253081614,0.0117117244331996,47290.46314267027
986,106.16749059080436,106.16749059080436,-0.023295206497753816,0.0,5.229002648492029,191,0.19380888602179247,0.013047274770977642,47009.89778194227
987,102.23230682510486,102.23230682510486,-0.03777020541615173,0.0,5.229002648492029,191,0.19820818057711448,0.04743857287733734,46517.31015811782
988,97.4719637010169,97.4719637010169,-0.04768295669634197,0.0,5.229002648492029,191,0.19291757193664713,0.10529845541586391,45635.80844878473
989,100.40177459209617,100.40177459209617,0.029615097453087505,0.0,5.229002648492029,191,0.18983411334935527,0.05517952882956617,45971.31981028677
990,101.01062530177614,101.01062530177614,0.006045829994200734,0.0,5.229002648492029,191,0.18945960847790577,0.060840262350635436,46034.94927728734
991,104.83328901296066,104.83328901296066,0.03714565238673945,0.0,5.229002648492029,191,0.192810647798487,0.06561724628732327,46561.51661383228
992,105.71856649985085,105.71856649985085,0.008409165538108093,0.0,5.229002648492029,191,0.19318495870545707,0.0760185826994617,46665.83823835638
993,107.07218455852143,107.07218455852143,0.012722698808450691,0.0,5.229002648492029,191,0.1932511407576746,0.08107949055965405,46807.797501252935
994,106.0404989063551,106.0404989063551,-0.009682142750949705,0.0,5.229002648492029,191,0.1936429118357052,0.07718162753924994,46701.66160756191
995,103.90457422768236,103.90457422768236,-0.020348163871463244,0.0,5.229002648492029,191,0.19208111107515288,0.07547940772063677,46343.93886547297
996,100.0795841443533,100.0795841443533,-0.037507211508849815,0.0,5.229002648492029,191,0.19535167762158814,0.09604942881472385,45944.54710804125
997,102.6776362590592,102.6776362590592,0.025628624359171317,0.0,5.229002648492029,191,0.1932906788782584,0.0646062871433387,46241.69747542325
998,101.90224972632271,101.90224972632271,-0.007580317506638257,0.0,5.229002648492029,191,0.19247295614695192,0.05662714820573473,46118.83434020476
999,98.21708599690464,98.21708599690464,-0.03683382572283648,0.0,5.229002648492029,191,0.1946236897264102,0.0635554031211284,45728.24257073356
